0 0.6524223602484472 0.5275159235668789 0.046583850931677016 0.11815286624203822
0 0.6073291925465839 0.7694904458598726 0.10267080745341615 0.2978980891719745
0 0.4989130434782609 0.630764331210191 0.0741304347826087 0.19312101910828025
0 0.4427950310559007 0.1859235668789809 0.056086956521739124 0.16229299363057326
0 0.35239130434782606 0.43248407643312103 0.07863354037267081 0.18286624203821655
0 0.05133540372670808 0.2876433121019108 0.03956521739130435 0.09038216560509554
0 0.38167701863354037 0.6662420382165605 0.08015527950310558 0.20235668789808917
0 0.42276397515527947 0.5603821656050956 0.056086956521739124 0.1715923566878981
0 0.316583850931677 0.2629936305732484 0.026055900621118015 0.06573248407643312
0 0.3794409937888199 0.2994904458598726 0.04559006211180124 0.09757961783439491
0 0.5827950310559006 0.38012738853503186 0.027546583850931675 0.06573248407643312
0 0.282888198757764 0.07292993630573248 0.0932919254658385 0.13904458598726113