0 0.6647135416666666 0.37744140625 0.11588541666666667 0.099609375
0 0.2884114583333333 0.69140625 0.045572916666666664 0.0400390625
0 0.3001302083333333 0.73974609375 0.06770833333333333 0.048828125
0 0.33203125 0.623046875 0.018229166666666668 0.015625
0 0.37109375 0.6435546875 0.015625 0.0166015625
0 0.5071614583333334 0.43017578125 0.033854166666666664 0.03125
0 0.5130208333333334 0.7353515625 0.037760416666666664 0.041015625
0 0.640625 0.47314453125 0.08333333333333333 0.0732421875
0 0.6080729166666666 0.64306640625 0.0234375 0.0244140625
0 0.9388020833333334 0.31298828125 0.07291666666666667 0.064453125
0 0.931640625 0.73291015625 0.015625 0.0146484375