0 0.38359375 0.48333333333333334 0.0421875 0.08333333333333333
0 0.07890625 0.5552083333333333 0.05 0.075
0 0.1140625 0.5177083333333333 0.0421875 0.05625
0 0.115625 0.5885416666666666 0.06875 0.1
0 0.22109375 0.521875 0.05 0.06875
0 0.24140625 0.5427083333333333 0.0984375 0.12291666666666666
0 0.11171875 0.8635416666666667 0.0640625 0.11041666666666666
0 0.18515625 0.85 0.0359375 0.05625
0 0.21328125 0.9145833333333333 0.0359375 0.052083333333333336
0 0.265625 0.9177083333333333 0.0296875 0.05625
0 0.325 0.6666666666666666 0.05 0.10208333333333333
0 0.38359375 0.7083333333333334 0.040625 0.07708333333333334
0 0.36328125 0.828125 0.075 0.1625
0 0.4578125 0.171875 0.04375 0.08333333333333333
0 0.49765625 0.425 0.1234375 0.20416666666666666
0 0.5734375 0.7666666666666667 0.021875 0.035416666666666666
0 0.53125 0.29270833333333335 0.046875 0.05625
0 0.70546875 0.23854166666666668 0.05625 0.0875
0 0.6140625 0.38333333333333336 0.0390625 0.075
0 0.6953125 0.4197916666666667 0.0609375 0.07708333333333334
0 0.871875 0.28854166666666664 0.0640625 0.09791666666666667
0 0.66640625 0.8979166666666667 0.05625 0.08125
0 0.68203125 0.5614583333333333 0.0671875 0.09166666666666666
0 0.7328125 0.79375 0.1578125 0.36041666666666666
0 0.8171875 0.6614583333333334 0.2984375 0.5916666666666667
0 0.8875 0.8239583333333333 0.05625 0.0875