0 0.31875 0.3873239436619718 0.2609375 0.5830985915492958
0 0.1921875 0.4676056338028169 0.196875 0.447887323943662
0 0.12421875 0.43802816901408453 0.028125 0.0647887323943662
0 0.0453125 0.5985915492957746 0.075 0.15211267605633802
0 0.08359375 0.6549295774647887 0.0625 0.14084507042253522
0 0.0703125 0.2267605633802817 0.028125 0.05070422535211268
0 0.484375 0.19014084507042253 0.0328125 0.059154929577464786
0 0.38046875 0.6887323943661972 0.175 0.36338028169014086
0 0.35390625 0.528169014084507 0.125 0.22535211267605634
0 0.5171875 0.6464788732394366 0.2 0.4450704225352113
0 0.59140625 0.4450704225352113 0.0640625 0.1295774647887324
0 0.709375 0.32816901408450705 0.140625 0.28169014084507044
0 0.90703125 0.3295774647887324 0.034375 0.05352112676056338
0 0.70546875 0.7112676056338029 0.2796875 0.5774647887323944
0 0.86796875 0.7718309859154929 0.2453125 0.4563380281690141