0 0.228125 0.4097222222222222 0.2890625 0.5972222222222222
0 0.15234375 0.5638888888888889 0.0484375 0.08611111111111111
0 0.1265625 0.6208333333333333 0.0375 0.06666666666666667
0 0.38828125 0.5652777777777778 0.034375 0.06666666666666667
0 0.27421875 0.7041666666666667 0.009375 0.027777777777777776
0 0.27265625 0.7666666666666667 0.01875 0.03888888888888889
0 0.28984375 0.7833333333333333 0.0203125 0.03888888888888889
0 0.3109375 0.7541666666666667 0.025 0.041666666666666664
0 0.3734375 0.7708333333333334 0.0640625 0.14444444444444443
0 0.42109375 0.7722222222222223 0.0234375 0.04722222222222222
0 0.415625 0.6138888888888889 0.0359375 0.07777777777777778
0 0.45859375 0.5847222222222223 0.0234375 0.04722222222222222
0 0.4703125 0.6097222222222223 0.0203125 0.03888888888888889
0 0.51328125 0.6361111111111111 0.040625 0.08055555555555556
0 0.66875 0.3111111111111111 0.0328125 0.075
0 0.63359375 0.3611111111111111 0.0296875 0.05555555555555555
0 0.696875 0.43194444444444446 0.04375 0.08055555555555556
0 0.9109375 0.21666666666666667 0.0375 0.05277777777777778
0 0.91015625 0.33611111111111114 0.0390625 0.07777777777777778
0 0.63515625 0.5277777777777778 0.021875 0.044444444444444446
0 0.684375 0.6763888888888889 0.1171875 0.2388888888888889
0 0.80546875 0.7430555555555556 0.0296875 0.05555555555555555
0 0.828125 0.6083333333333333 0.0171875 0.03333333333333333
0 0.49921875 0.7541666666666667 0.0234375 0.05
0 0.52734375 0.8083333333333333 0.021875 0.03888888888888889