0 0.22890625 0.5972222222222222 0.2546875 0.5583333333333333
0 0.19140625 0.7916666666666666 0.04375 0.07777777777777778
0 0.1796875 0.8611111111111112 0.0328125 0.06111111111111111
0 0.41015625 0.6347222222222222 0.0296875 0.06111111111111111
0 0.33359375 0.8402777777777778 0.0078125 0.025
0 0.34609375 0.8986111111111111 0.015625 0.03611111111111111
0 0.36484375 0.9027777777777778 0.0171875 0.03611111111111111
0 0.37890625 0.8611111111111112 0.021875 0.03611111111111111
0 0.43984375 0.8347222222222223 0.0546875 0.1361111111111111
0 0.484375 0.8041666666666667 0.021875 0.041666666666666664
0 0.44609375 0.6611111111111111 0.03125 0.07222222222222222
0 0.4796875 0.6069444444444444 0.021875 0.041666666666666664
0 0.49609375 0.6208333333333333 0.0171875 0.03611111111111111
0 0.54140625 0.6166666666666667 0.0359375 0.075
0 0.61640625 0.2125 0.028125 0.07222222222222222
0 0.59453125 0.28194444444444444 0.0265625 0.05277777777777778
0 0.66875 0.3055555555555556 0.040625 0.075
0 0.84609375 0.075 0.034375 0.07222222222222222
0 0.63125 0.4361111111111111 0.0203125 0.041666666666666664
0 0.70859375 0.5416666666666666 0.1046875 0.225
0 0.834375 0.5222222222222223 0.0265625 0.05277777777777778
0 0.82734375 0.3819444444444444 0.015625 0.030555555555555555
0 0.55234375 0.7361111111111112 0.021875 0.044444444444444446
0 0.58984375 0.7666666666666667 0.01875 0.03611111111111111