0 0.22421875 0.5375 0.221875 0.5138888888888888
0 0.1734375 0.7222222222222222 0.0390625 0.06944444444444445
0 0.15703125 0.7888888888888889 0.0296875 0.05555555555555555
0 0.4015625 0.6138888888888889 0.0265625 0.05555555555555555
0 0.31171875 0.8013888888888889 0.00625 0.025
0 0.31953125 0.8625 0.0140625 0.03333333333333333
0 0.33828125 0.8708333333333333 0.015625 0.03333333333333333
0 0.3546875 0.8319444444444445 0.0203125 0.03333333333333333
0 0.4171875 0.8194444444444444 0.046875 0.12777777777777777
0 0.46328125 0.7986111111111112 0.01875 0.03888888888888889
0 0.43515625 0.6486111111111111 0.0265625 0.06666666666666667
0 0.47265625 0.6013888888888889 0.01875 0.03888888888888889
0 0.4875 0.6194444444444445 0.015625 0.03333333333333333
0 0.5328125 0.625 0.03125 0.06944444444444445
0 0.63515625 0.24027777777777778 0.0234375 0.06666666666666667
0 0.60859375 0.30416666666666664 0.0234375 0.04722222222222222
0 0.68046875 0.34305555555555556 0.0359375 0.06666666666666667
0 0.85546875 0.0375 0.0328125 0.03888888888888889
0 0.87265625 0.1527777777777778 0.0296875 0.06666666666666667
0 0.634375 0.4652777777777778 0.0171875 0.03888888888888889
0 0.70390625 0.5861111111111111 0.090625 0.20555555555555555
0 0.83046875 0.5944444444444444 0.0234375 0.04722222222222222
0 0.8328125 0.45416666666666666 0.0140625 0.027777777777777776
0 0.5359375 0.7458333333333333 0.01875 0.041666666666666664
0 0.57109375 0.7847222222222222 0.0171875 0.03333333333333333