0 0.22109375 0.2873134328358209 0.05 0.1455223880597015
0 0.20703125 0.40298507462686567 0.03125 0.09328358208955224
0 0.22421875 0.44029850746268656 0.0421875 0.12313432835820895
0 0.27109375 0.46828358208955223 0.059375 0.16044776119402984
0 0.21796875 0.19962686567164178 0.025 0.0708955223880597
0 0.24375 0.20708955223880596 0.034375 0.09701492537313433
0 0.28125 0.28171641791044777 0.034375 0.08208955223880597
0 0.34609375 0.05037313432835821 0.04375 0.08955223880597014
0 0.38984375 0.24813432835820895 0.028125 0.07835820895522388
0 0.35078125 0.35447761194029853 0.0359375 0.08582089552238806
0 0.40625 0.3041044776119403 0.0296875 0.08955223880597014
0 0.40625 0.3003731343283582 0.028125 0.07835820895522388
0 0.425 0.36380597014925375 0.028125 0.07835820895522388
0 0.46796875 0.19402985074626866 0.028125 0.07835820895522388
0 0.49140625 0.041044776119402986 0.0265625 0.0708955223880597
0 0.4140625 0.048507462686567165 0.1 0.09701492537313433
0 0.55 0.16417910447761194 0.025 0.06343283582089553
0 0.5015625 0.24253731343283583 0.04375 0.11940298507462686
0 0.3859375 0.5988805970149254 0.0859375 0.25
0 0.50078125 0.75 0.10625 0.29850746268656714
0 0.6171875 0.6921641791044776 0.0625 0.16791044776119404
0 0.71328125 0.6921641791044776 0.034375 0.09328358208955224
0 0.83203125 0.6902985074626866 0.0765625 0.2126865671641791
0 0.8625 0.5876865671641791 0.0265625 0.05970149253731343
0 0.93125 0.6996268656716418 0.1375 0.417910447761194
0 0.634375 0.3003731343283582 0.03125 0.08208955223880597
0 0.5734375 0.292910447761194 0.03125 0.08208955223880597
0 0.48671875 0.42723880597014924 0.03125 0.09328358208955224
0 0.34609375 0.5167910447761194 0.06875 0.1865671641791045
0 0.58359375 0.5130597014925373 0.0625 0.16791044776119404
0 0.6703125 0.5 0.0234375 0.05970149253731343
0 0.8625 0.3582089552238806 0.0578125 0.15671641791044777
0 0.78671875 0.9682835820895522 0.2078125 0.06343283582089553