0 0.2078125 0.4552238805970149 0.0390625 0.12686567164179105
0 0.20625 0.5746268656716418 0.0234375 0.08208955223880597
0 0.2265625 0.6007462686567164 0.0328125 0.10820895522388059
0 0.275 0.6007462686567164 0.046875 0.13805970149253732
0 0.19609375 0.3712686567164179 0.0203125 0.05970149253731343
0 0.221875 0.36380597014925375 0.0265625 0.08582089552238806
0 0.265625 0.4141791044776119 0.028125 0.06716417910447761
0 0.30546875 0.15298507462686567 0.0375 0.0708955223880597
0 0.3671875 0.31902985074626866 0.021875 0.06716417910447761
0 0.340625 0.44402985074626866 0.0296875 0.0708955223880597
0 0.3890625 0.36380597014925375 0.021875 0.07835820895522388
0 0.3890625 0.36007462686567165 0.021875 0.06716417910447761
0 0.41328125 0.41044776119402987 0.021875 0.06716417910447761
0 0.43828125 0.22201492537313433 0.021875 0.06716417910447761
0 0.4453125 0.05970149253731343 0.021875 0.05970149253731343
0 0.3671875 0.07276119402985075 0.0890625 0.13059701492537312
0 0.51484375 0.1455223880597015 0.0203125 0.05223880597014925
0 0.47578125 0.25 0.034375 0.10074626865671642
0 0.39921875 0.6623134328358209 0.065625 0.22014925373134328
0 0.52578125 0.7425373134328358 0.0828125 0.2574626865671642
0 0.63359375 0.6194029850746269 0.05 0.1417910447761194
0 0.7265625 0.5634328358208955 0.0265625 0.08208955223880597
0 0.84140625 0.4925373134328358 0.059375 0.1828358208955224
0 0.8609375 0.375 0.021875 0.048507462686567165
0 0.93828125 0.44402985074626866 0.103125 0.3694029850746269
0 0.61015625 0.2294776119402985 0.025 0.0708955223880597
0 0.55 0.2574626865671642 0.025 0.0708955223880597
0 0.4796875 0.43656716417910446 0.0234375 0.08208955223880597
0 0.35234375 0.6044776119402985 0.0546875 0.16044776119402984
0 0.5828125 0.46455223880597013 0.05 0.1417910447761194
0 0.66484375 0.40111940298507465 0.01875 0.048507462686567165
0 0.8375 0.15298507462686567 0.0453125 0.13432835820895522
0 0.8375 0.8992537313432836 0.1953125 0.1791044776119403