0 0.08046875 0.78125 0.1328125 0.21666666666666667
0 0.1484375 0.7666666666666667 0.1 0.15208333333333332
0 0.23671875 0.7385416666666667 0.1046875 0.1375
0 0.434375 0.834375 0.1546875 0.22291666666666668
0 0.55703125 0.725 0.1140625 0.16458333333333333
0 0.60859375 0.8427083333333333 0.10625 0.16666666666666666
0 0.70234375 0.8427083333333333 0.10625 0.15833333333333333
0 0.84296875 0.721875 0.128125 0.17291666666666666
0 0.6609375 0.6708333333333333 0.1 0.13958333333333334
0 0.28125 0.615625 0.0921875 0.11458333333333333
0 0.17890625 0.55 0.0828125 0.125
0 0.1265625 0.5822916666666667 0.0671875 0.11458333333333333
0 0.09296875 0.5916666666666667 0.0671875 0.0875
0 0.10078125 0.496875 0.059375 0.06041666666666667
0 0.0296875 0.40208333333333335 0.0546875 0.09375
0 0.09765625 0.353125 0.0640625 0.08541666666666667
0 0.14453125 0.403125 0.0484375 0.075
0 0.17578125 0.43854166666666666 0.0609375 0.07291666666666667
0 0.19296875 0.371875 0.04375 0.0625
0 0.24609375 0.41770833333333335 0.0765625 0.08333333333333333
0 0.2484375 0.3104166666666667 0.071875 0.11666666666666667
0 0.30703125 0.3104166666666667 0.0421875 0.06875
0 0.31484375 0.48125 0.0546875 0.11875
0 0.35703125 0.475 0.0796875 0.11458333333333333
0 0.4421875 0.5854166666666667 0.090625 0.13125
0 0.5203125 0.4979166666666667 0.0765625 0.12083333333333333
0 0.584375 0.5052083333333334 0.065625 0.09791666666666667
0 0.66484375 0.496875 0.071875 0.10208333333333333
0 0.73359375 0.2989583333333333 0.11875 0.18958333333333333
0 0.59375 0.19583333333333333 0.0921875 0.15208333333333332
0 0.30390625 0.15520833333333334 0.0515625 0.07083333333333333
0 0.35859375 0.30520833333333336 0.09375 0.14166666666666666
0 0.44296875 0.31979166666666664 0.0625 0.11458333333333333
0 0.56796875 0.378125 0.08125 0.12291666666666666
0 0.53125 0.225 0.0328125 0.09166666666666666
0 0.63125 0.33541666666666664 0.0546875 0.07708333333333334
0 0.884375 0.5989583333333334 0.084375 0.12708333333333333
0 0.02421875 0.5239583333333333 0.04375 0.12708333333333333