0 0.1473429951690821 0.506 0.2946859903381642 0.972
0 0.22584541062801933 0.846 0.14009661835748793 0.268
0 0.358695652173913 0.348 0.07971014492753623 0.168
0 0.5193236714975845 0.266 0.09903381642512077 0.176
0 0.6690821256038647 0.216 0.11835748792270531 0.192
0 0.678743961352657 0.652 0.3164251207729469 0.636
0 0.9492753623188406 0.872 0.0966183574879227 0.172
0 0.4468599033816425 0.836 0.12077294685990338 0.248
0 0.5253623188405797 0.838 0.10628019323671498 0.244
0 0.5917874396135265 0.854 0.08454106280193237 0.2
0 0.38768115942028986 0.866 0.1111111111111111 0.2
0 0.8067632850241546 0.786 0.1497584541062802 0.332