0 0.0078125 0.6139860139860139 0.015625 0.06713286713286713
0 0.02880859375 0.7251748251748251 0.0576171875 0.0993006993006993
0 0.14453125 0.023076923076923078 0.0703125 0.046153846153846156
0 0.06591796875 0.7594405594405594 0.0419921875 0.05874125874125874
0 0.1220703125 0.7195804195804196 0.052734375 0.08671328671328671
0 0.201171875 0.35384615384615387 0.13671875 0.21678321678321677
0 0.11962890625 0.7818181818181819 0.021484375 0.032167832167832165
0 0.177734375 0.6202797202797202 0.0283203125 0.03776223776223776
0 0.1875 0.762937062937063 0.0283203125 0.043356643356643354
0 0.193359375 0.7965034965034965 0.0234375 0.04055944055944056
0 0.2919921875 0.7776223776223776 0.0361328125 0.05174825174825175
0 0.29833984375 0.7384615384615385 0.0400390625 0.06433566433566433
0 0.3154296875 0.8118881118881119 0.021484375 0.03076923076923077
0 0.337890625 0.8160839160839161 0.03515625 0.04895104895104895
0 0.46484375 0.2601398601398601 0.1845703125 0.2895104895104895
0 0.373046875 0.7146853146853147 0.060546875 0.09230769230769231
0 0.35546875 0.8335664335664336 0.0224609375 0.027972027972027972
0 0.36279296875 0.7972027972027972 0.0263671875 0.044755244755244755
0 0.37744140625 0.8202797202797203 0.033203125 0.055944055944055944
0 0.39599609375 0.8020979020979021 0.0498046875 0.06993006993006994
0 0.40673828125 0.8272727272727273 0.0244140625 0.039160839160839164
0 0.43603515625 0.6902097902097902 0.0283203125 0.043356643356643354
0 0.439453125 0.7356643356643356 0.0390625 0.06013986013986014
0 0.46875 0.5664335664335665 0.0458984375 0.06993006993006994
0 0.482421875 0.6909090909090909 0.0234375 0.03496503496503497
0 0.60693359375 0.18811188811188811 0.189453125 0.29790209790209793
0 0.52783203125 0.8678321678321679 0.0263671875 0.03496503496503497
0 0.55908203125 0.7615384615384615 0.0556640625 0.08391608391608392
0 0.556640625 0.7237762237762237 0.0224609375 0.025174825174825177
0 0.59521484375 0.8699300699300699 0.037109375 0.05314685314685315
0 0.6025390625 0.8398601398601399 0.046875 0.06293706293706294
0 0.6259765625 0.8160839160839161 0.0244140625 0.04055944055944056
0 0.7392578125 0.24755244755244754 0.15625 0.2545454545454545
0 0.67138671875 0.820979020979021 0.0546875 0.08811188811188811
0 0.81689453125 0.31608391608391606 0.0927734375 0.14125874125874127
0 0.80859375 0.43916083916083914 0.0849609375 0.1258741258741259
0 0.97705078125 0.6062937062937063 0.0419921875 0.10909090909090909
0 0.18212890625 0.7937062937062938 0.0087890625 0.027972027972027972
0 0.46875 0.5720279720279721 0.046875 0.07832167832167833
0 0.505859375 0.8713286713286713 0.017578125 0.023776223776223775
0 0.623046875 0.8692307692307693 0.0283203125 0.057342657342657345