0 0.0078125 0.5713235294117647 0.015625 0.0838235294117647
0 0.03564453125 0.5544117647058824 0.0712890625 0.11176470588235295
0 0.08837890625 0.5661764705882353 0.0869140625 0.1323529411764706
0 0.15771484375 0.5102941176470588 0.1201171875 0.21911764705882353
0 0.13720703125 0.3382352941176471 0.072265625 0.125
0 0.1640625 0.5830882352941177 0.0576171875 0.061764705882352944
0 0.232421875 0.5183823529411765 0.08984375 0.17058823529411765
0 0.2646484375 0.5419117647058823 0.05078125 0.10147058823529412
0 0.32080078125 0.5441176470588235 0.0986328125 0.13088235294117648
0 0.3349609375 0.44779411764705884 0.1240234375 0.25588235294117645
0 0.2900390625 0.06397058823529411 0.07421875 0.07647058823529412
0 0.3837890625 0.5044117647058823 0.05859375 0.13676470588235295
0 0.42919921875 0.4889705882352941 0.0791015625 0.13676470588235295
0 0.4951171875 0.4360294117647059 0.1357421875 0.23823529411764705
0 0.46435546875 0.5308823529411765 0.037109375 0.052941176470588235
0 0.53125 0.5345588235294118 0.0478515625 0.05588235294117647
0 0.552734375 0.4963235294117647 0.044921875 0.08676470588235294
0 0.576171875 0.4610294117647059 0.052734375 0.1161764705882353
0 0.6357421875 0.5007352941176471 0.1494140625 0.10735294117647058
0 0.6259765625 0.4360294117647059 0.0849609375 0.10588235294117647
0 0.7236328125 0.4647058823529412 0.10546875 0.12205882352941176
0 0.80810546875 0.24485294117647058 0.15234375 0.23970588235294119
0 0.8115234375 0.44338235294117645 0.0693359375 0.12205882352941176
0 0.90283203125 0.375 0.1318359375 0.2088235294117647
0 0.95361328125 0.4308823529411765 0.0927734375 0.1