0 0.09140625 0.22916666666666666 0.065625 0.11388888888888889
0 0.30703125 0.44027777777777777 0.0453125 0.08333333333333333
0 0.36640625 0.46805555555555556 0.0296875 0.058333333333333334
0 0.4671875 0.2652777777777778 0.0390625 0.08333333333333333
0 0.54296875 0.2388888888888889 0.0421875 0.07777777777777778
0 0.57265625 0.2861111111111111 0.0390625 0.07777777777777778
0 0.55703125 0.3125 0.0234375 0.05277777777777778
0 0.4515625 0.42916666666666664 0.0171875 0.05277777777777778
0 0.46015625 0.4111111111111111 0.0375 0.06666666666666667
0 0.490625 0.3972222222222222 0.03125 0.075
0 0.53359375 0.4152777777777778 0.0296875 0.06111111111111111
0 0.60546875 0.3486111111111111 0.0375 0.07777777777777778
0 0.6640625 0.3541666666666667 0.0328125 0.058333333333333334
0 0.72734375 0.26805555555555555 0.0734375 0.11944444444444445
0 0.9421875 0.1986111111111111 0.078125 0.13333333333333333