0 0.14453125 0.059722222222222225 0.0796875 0.11944444444444445
0 0.32265625 0.3541666666666667 0.05625 0.1
0 0.37578125 0.4083333333333333 0.0375 0.06944444444444445
0 0.50234375 0.25833333333333336 0.05 0.09722222222222222
0 0.5796875 0.26805555555555555 0.0515625 0.09444444444444444
0 0.6015625 0.3263888888888889 0.0484375 0.09444444444444444
0 0.58203125 0.34444444444444444 0.0296875 0.06111111111111111
0 0.46328125 0.4097222222222222 0.025 0.058333333333333334
0 0.47421875 0.3958333333333333 0.0453125 0.08055555555555556
0 0.50625 0.3958333333333333 0.040625 0.08611111111111111
0 0.54453125 0.43333333333333335 0.0375 0.07222222222222222
0 0.62421875 0.4027777777777778 0.046875 0.09166666666666666
0 0.6796875 0.43472222222222223 0.040625 0.07222222222222222
0 0.753125 0.38055555555555554 0.0890625 0.15
0 0.96171875 0.4125 0.0765625 0.1638888888888889