0 0.2703125 0.6847058823529412 0.10625 0.18823529411764706
0 0.19453125 0.5258823529411765 0.1578125 0.2847058823529412
0 0.18359375 0.2011764705882353 0.1265625 0.2541176470588235
0 0.3 0.3305882352941176 0.1421875 0.26823529411764707
0 0.34765625 0.611764705882353 0.15 0.26823529411764707
0 0.396875 0.5258823529411765 0.14375 0.2752941176470588
0 0.33125 0.14705882352941177 0.103125 0.18823529411764706
0 0.47265625 0.31176470588235294 0.2453125 0.5011764705882353
0 0.575 0.39176470588235296 0.1640625 0.3388235294117647
0 0.5296875 0.6247058823529412 0.1140625 0.1976470588235294
0 0.7109375 0.5411764705882353 0.1625 0.31058823529411766
0 0.796875 0.4541176470588235 0.1328125 0.23529411764705882
0 0.73515625 0.17294117647058824 0.1703125 0.33647058823529413
0 0.6625 0.2647058823529412 0.1234375 0.23058823529411765
0 0.60234375 0.09294117647058824 0.1203125 0.18588235294117647