0 0.25546875 0.6352941176470588 0.090625 0.17176470588235293
0 0.1953125 0.4611764705882353 0.1359375 0.25882352941176473
0 0.2140625 0.1376470588235294 0.10625 0.23529411764705882
0 0.31796875 0.29058823529411765 0.1203125 0.2447058823529412
0 0.3390625 0.5788235294117647 0.128125 0.2447058823529412
0 0.3953125 0.5035294117647059 0.121875 0.25176470588235295
0 0.365625 0.11529411764705882 0.0875 0.17176470588235293
0 0.490625 0.30823529411764705 0.2046875 0.46352941176470586
0 0.584375 0.4082352941176471 0.1359375 0.3129411764705882
0 0.51796875 0.6294117647058823 0.0984375 0.17882352941176471
0 0.70546875 0.5847058823529412 0.1375 0.2847058823529412
0 0.7984375 0.5164705882352941 0.1140625 0.21411764705882352
0 0.76328125 0.22588235294117648 0.14375 0.30823529411764705
0 0.6828125 0.30117647058823527 0.1046875 0.21176470588235294
0 0.640625 0.10588235294117647 0.103125 0.1952941176470588