0 0.17734375 0.37014563106796117 0.1171875 0.25
0 0.5078125 0.2524271844660194 0.1734375 0.33495145631067963
0 0.30546875 0.6213592233009708 0.1078125 0.22815533980582525
0 0.4328125 0.6067961165048543 0.10625 0.21601941747572814
0 0.5125 0.48058252427184467 0.1234375 0.21844660194174756
0 0.16484375 0.5752427184466019 0.0796875 0.14320388349514562
0 0.6265625 0.4223300970873786 0.10625 0.19174757281553398
0 0.6984375 0.508495145631068 0.09375 0.25485436893203883
0 0.61484375 0.5995145631067961 0.1109375 0.17718446601941748
0 0.75234375 0.6055825242718447 0.078125 0.1796116504854369
0 0.81015625 0.595873786407767 0.0953125 0.19902912621359223
0 0.8890625 0.5728155339805825 0.1125 0.19902912621359223