0 0.184375 0.33616504854368934 0.121875 0.25728155339805825
0 0.51953125 0.2536407766990291 0.18125 0.3446601941747573
0 0.3 0.6007281553398058 0.1125 0.23300970873786409
0 0.428125 0.5983009708737864 0.1109375 0.220873786407767
0 0.51328125 0.4817961165048544 0.128125 0.22572815533980584
0 0.1625 0.5388349514563107 0.0828125 0.14805825242718446
0 0.6296875 0.4368932038834951 0.1109375 0.1966019417475728
0 0.69765625 0.529126213592233 0.0984375 0.25970873786407767
0 0.61015625 0.6128640776699029 0.115625 0.18446601941747573
0 0.746875 0.633495145631068 0.0828125 0.1820388349514563
0 0.80546875 0.6298543689320388 0.1 0.20388349514563106
0 0.88515625 0.6152912621359223 0.1171875 0.20631067961165048