0 0.13671875 0.5979166666666667 0.2734375 0.49166666666666664
0 0.190625 0.7625 0.0390625 0.05625
0 0.08515625 0.1375 0.05 0.06666666666666667
0 0.028125 0.9666666666666667 0.025 0.06666666666666667
0 0.27890625 0.83125 0.0484375 0.07916666666666666
0 0.328125 0.809375 0.109375 0.14791666666666667
0 0.3046875 0.6875 0.109375 0.15833333333333333
0 0.40859375 0.5135416666666667 0.1296875 0.225
0 0.28046875 0.20520833333333333 0.0484375 0.07083333333333333
0 0.4125 0.18541666666666667 0.0296875 0.04583333333333333
0 0.59609375 0.171875 0.034375 0.05416666666666667
0 0.75625 0.20833333333333334 0.05625 0.07916666666666666
0 0.8546875 0.20833333333333334 0.0609375 0.08958333333333333
0 0.9171875 0.10729166666666666 0.0546875 0.07083333333333333
0 0.36640625 0.9770833333333333 0.0390625 0.04583333333333333
0 0.37109375 0.975 0.0421875 0.05
0 0.33203125 0.965625 0.0296875 0.04791666666666667
0 0.33359375 0.9666666666666667 0.0296875 0.05416666666666667
0 0.5859375 0.4427083333333333 0.034375 0.04791666666666667
0 0.36796875 0.303125 0.1078125 0.16041666666666668
0 0.7953125 0.915625 0.053125 0.07708333333333334
0 0.79140625 0.953125 0.040625 0.05625
0 0.72890625 0.9291666666666667 0.0359375 0.06458333333333334
0 0.721875 0.678125 0.05 0.07291666666666667
0 0.77890625 0.6166666666666667 0.046875 0.0625
0 0.9 0.8916666666666667 0.0546875 0.07916666666666666
0 0.73984375 0.7583333333333333 0.034375 0.0625
0 0.96171875 0.6239583333333333 0.0546875 0.07291666666666667
0 0.5703125 0.053125 0.0265625 0.041666666666666664
0 0.5546875 0.41041666666666665 0.0265625 0.041666666666666664
0 0.61171875 0.365625 0.040625 0.05625
0 0.36875 0.9739583333333334 0.0375 0.052083333333333336
0 0.70703125 0.5104166666666666 0.0375 0.05416666666666667
0 0.909375 0.271875 0.034375 0.04791666666666667
0 0.971875 0.3927083333333333 0.04375 0.06666666666666667
0 0.9453125 0.721875 0.0390625 0.04791666666666667
0 0.828125 0.696875 0.03125 0.058333333333333334
0 0.50078125 0.8177083333333334 0.2234375 0.3645833333333333
0 0.7671875 0.84375 0.0484375 0.06666666666666667
0 0.678125 0.29583333333333334 0.0296875 0.05
0 0.87578125 0.3260416666666667 0.0265625 0.04583333333333333
0 0.31875 0.04895833333333333 0.04375 0.0375
0 0.63203125 0.859375 0.034375 0.0625
0 0.46796875 0.9739583333333334 0.0421875 0.04583333333333333
0 0.45625 0.934375 0.03125 0.05625
0 0.825 0.7697916666666667 0.0390625 0.05625
0 0.8046875 0.8166666666666667 0.028125 0.058333333333333334
0 0.58203125 0.4895833333333333 0.034375 0.04583333333333333
0 0.46875 0.43333333333333335 0.0265625 0.0375
0 0.5828125 0.8927083333333333 0.034375 0.06041666666666667
0 0.60546875 0.971875 0.0265625 0.035416666666666666