0 0.15441176470588236 0.41299019607843135 0.14869281045751634 0.2769607843137255
0 0.29820261437908496 0.6078431372549019 0.0718954248366013 0.13480392156862744
0 0.3897058823529412 0.5343137254901961 0.10130718954248366 0.19852941176470587
0 0.5261437908496732 0.6262254901960784 0.049019607843137254 0.09313725490196079
0 0.5980392156862745 0.5955882352941176 0.0457516339869281 0.08333333333333333
0 0.6952614379084967 0.5257352941176471 0.09803921568627451 0.17401960784313725
0 0.7769607843137255 0.6225490196078431 0.06045751633986928 0.10784313725490197
0 0.8488562091503268 0.5183823529411765 0.09477124183006536 0.17647058823529413
0 0.8455882352941176 0.6764705882352942 0.06699346405228758 0.11029411764705882
0 0.9452614379084967 0.4387254901960784 0.07026143790849673 0.1323529411764706
0 0.8888888888888888 0.5588235294117647 0.03758169934640523 0.06862745098039216
0 0.6683006535947712 0.17892156862745098 0.19607843137254902 0.35049019607843135