0 0.3 0.47638888888888886 0.0265625 0.06111111111111111
0 0.08125 0.8597222222222223 0.0484375 0.08888888888888889
0 0.32890625 0.8083333333333333 0.0484375 0.08888888888888889
0 0.71875 0.6875 0.0421875 0.1
0 0.77578125 0.6458333333333334 0.065625 0.13333333333333333
0 0.140625 0.8430555555555556 0.0375 0.06111111111111111
0 0.1953125 0.41388888888888886 0.021875 0.044444444444444446
0 0.4 0.7069444444444445 0.1703125 0.38333333333333336
0 0.8171875 0.20277777777777778 0.2375 0.40555555555555556
0 0.87109375 0.49722222222222223 0.046875 0.10277777777777777
0 0.83671875 0.7069444444444445 0.040625 0.09722222222222222
0 0.86953125 0.6833333333333333 0.028125 0.08055555555555556
0 0.47421875 0.4513888888888889 0.0421875 0.08333333333333333
0 0.23984375 0.6597222222222222 0.0203125 0.05
0 0.2390625 0.8319444444444445 0.025 0.04722222222222222
0 0.3421875 0.47638888888888886 0.021875 0.044444444444444446
0 0.44296875 0.1875 0.0296875 0.058333333333333334
0 0.55546875 0.3875 0.0296875 0.058333333333333334
0 0.68984375 0.5013888888888889 0.0234375 0.05555555555555555
0 0.67890625 0.38055555555555554 0.021875 0.04722222222222222
0 0.48984375 0.6055555555555555 0.015625 0.05
0 0.534375 0.6833333333333333 0.0359375 0.06666666666666667