0 0.05029296875 0.2777777777777778 0.03173828125 0.0685763888888889
0 0.1962890625 0.1753472222222222 0.11083984375 0.2743055555555556
0 0.27001953125 0.4383680555555556 0.0517578125 0.14322916666666666
0 0.3759765625 0.3463541666666667 0.115234375 0.2612847222222222
0 0.44287109375 0.1154513888888889 0.05908203125 0.1467013888888889
0 0.66748046875 0.3723958333333333 0.26904296875 0.6050347222222222
0 0.9326171875 0.5911458333333334 0.08251953125 0.1892361111111111
0 0.8193359375 0.3967013888888889 0.142578125 0.3567708333333333
0 0.744140625 0.6892361111111112 0.0302734375 0.057291666666666664
0 0.47412109375 0.3637152777777778 0.03564453125 0.078125
0 0.2451171875 0.6657986111111112 0.0263671875 0.052083333333333336
0 0.2880859375 0.6432291666666666 0.02001953125 0.058159722222222224
0 0.95166015625 0.1189236111111111 0.02783203125 0.06163194444444445
0 0.54931640625 0.5381944444444444 0.02978515625 0.0703125
0 0.57763671875 0.5772569444444444 0.02001953125 0.041666666666666664