0 0.2125 0.025 0.028125 0.04666666666666667
0 0.24453125 0.03 0.03125 0.04666666666666667
0 0.26875 0.6366666666666667 0.5140625 0.7266666666666667
0 0.54296875 0.79 0.0375 0.10666666666666667
0 0.571875 0.9216666666666666 0.075 0.15666666666666668
0 0.60859375 0.8533333333333334 0.034375 0.09333333333333334
0 0.4984375 0.31666666666666665 0.028125 0.06
0 0.7625 0.5666666666666667 0.0484375 0.09333333333333334
0 0.6875 0.56 0.0359375 0.07
0 0.6921875 0.49 0.0359375 0.07333333333333333
0 0.57734375 0.5916666666666667 0.0265625 0.07
0 0.6953125 0.275 0.1515625 0.3