0 0.06640625 0.8083333333333333 0.1 0.225
0 0.13828125 0.6513888888888889 0.05625 0.12222222222222222
0 0.434375 0.7347222222222223 0.2078125 0.4777777777777778
0 0.26953125 0.4986111111111111 0.0796875 0.18611111111111112
0 0.30078125 0.20416666666666666 0.1140625 0.23333333333333334
0 0.2046875 0.1388888888888889 0.075 0.17777777777777778
0 0.1828125 0.25972222222222224 0.0265625 0.06111111111111111
0 0.43984375 0.1875 0.059375 0.11388888888888889
0 0.15703125 0.9263888888888889 0.015625 0.04722222222222222
0 0.6921875 0.7541666666666667 0.14375 0.3277777777777778
0 0.7171875 0.3819444444444444 0.165625 0.38333333333333336
0 0.9390625 0.42777777777777776 0.1109375 0.25555555555555554
0 0.42890625 0.32916666666666666 0.09375 0.19166666666666668
0 0.2171875 0.8986111111111111 0.028125 0.06111111111111111
0 0.3578125 0.8458333333333333 0.025 0.06111111111111111
0 0.3203125 0.7 0.01875 0.04722222222222222
0 0.21015625 0.8513888888888889 0.0234375 0.05277777777777778
0 0.14453125 0.8402777777777778 0.021875 0.04722222222222222
0 0.209375 0.7347222222222223 0.021875 0.04722222222222222