0 0.1709090909090909 0.4562841530054645 0.06545454545454546 0.11475409836065574
0 0.6872727272727273 0.7076502732240437 0.10909090909090909 0.16393442622950818
0 0.8327272727272728 0.6010928961748634 0.05090909090909091 0.12021857923497267
0 0.6090909090909091 0.6174863387978142 0.10545454545454545 0.14754098360655737
0 0.49818181818181817 0.639344262295082 0.07636363636363637 0.14754098360655737
0 0.42363636363636364 0.4890710382513661 0.06181818181818182 0.16939890710382513
0 0.32 0.5546448087431693 0.16727272727272727 0.3224043715846995
0 0.6345454545454545 0.319672131147541 0.12363636363636364 0.19672131147540983
0 0.7781818181818182 0.4644808743169399 0.09818181818181818 0.18579234972677597
0 0.7272727272727273 0.6202185792349727 0.05818181818181818 0.12021857923497267
0 0.20363636363636364 0.5819672131147541 0.07636363636363637 0.13114754098360656
0 0.9781818181818182 0.5846994535519126 0.04363636363636364 0.13114754098360656
0 0.15272727272727274 0.18579234972677597 0.24727272727272728 0.2896174863387978