0 0.1583011583011583 0.15206185567010308 0.05019305019305019 0.10824742268041238
0 0.5579150579150579 0.17268041237113402 0.07722007722007722 0.10309278350515463
0 0.24324324324324326 0.30927835051546393 0.08108108108108109 0.0979381443298969
0 0.16795366795366795 0.36082474226804123 0.0888030888030888 0.08247422680412371
0 0.11583011583011583 0.5463917525773195 0.10038610038610038 0.15979381443298968
0 0.14092664092664092 0.45103092783505155 0.07335907335907337 0.061855670103092786
0 0.7664092664092664 0.5798969072164949 0.12355212355212356 0.20103092783505155
0 0.7335907335907336 0.8556701030927835 0.1583011583011583 0.22164948453608246
0 0.5386100386100386 0.7268041237113402 0.13127413127413126 0.211340206185567
0 0.3359073359073359 0.6262886597938144 0.08494208494208494 0.12371134020618557
0 0.48455598455598453 0.4742268041237113 0.06177606177606178 0.1134020618556701
0 0.6158301158301158 0.42010309278350516 0.08494208494208494 0.11855670103092783
0 0.7702702702702703 0.39948453608247425 0.04633204633204633 0.061855670103092786
0 0.971042471042471 0.4536082474226804 0.02702702702702703 0.041237113402061855
0 0.8764478764478765 0.5541237113402062 0.03861003861003861 0.07216494845360824
0 0.7799227799227799 0.7860824742268041 0.07335907335907337 0.12886597938144329
0 0.9594594594594594 0.8685567010309279 0.05019305019305019 0.13402061855670103
0 0.21814671814671815 0.49226804123711343 0.03861003861003861 0.05154639175257732
0 0.28185328185328185 0.47680412371134023 0.03861003861003861 0.08247422680412371
0 0.361003861003861 0.4381443298969072 0.04633204633204633 0.07731958762886598
0 0.4305019305019305 0.5824742268041238 0.0694980694980695 0.10309278350515463
0 0.41312741312741313 0.7164948453608248 0.0694980694980695 0.11855670103092783
0 0.5328185328185329 0.5180412371134021 0.03474903474903475 0.05670103092783505
0 0.5733590733590733 0.5154639175257731 0.03861003861003861 0.07731958762886598
0 0.583011583011583 0.3324742268041237 0.03861003861003861 0.061855670103092786
0 0.4594594594594595 0.6494845360824743 0.06563706563706563 0.10309278350515463
0 0.6718146718146718 0.41494845360824745 0.023166023166023165 0.03608247422680412