0 0.1781818181818182 0.3797814207650273 0.06181818181818182 0.1092896174863388
0 0.6636363636363637 0.7486338797814208 0.10181818181818182 0.14754098360655737
0 0.8181818181818182 0.6775956284153005 0.04363636363636364 0.11475409836065574
0 0.5945454545454546 0.639344262295082 0.09818181818181818 0.1366120218579235
0 0.48363636363636364 0.6366120218579235 0.06909090909090909 0.1366120218579235
0 0.4254545454545455 0.4726775956284153 0.05090909090909091 0.16393442622950818
0 0.31636363636363635 0.5136612021857924 0.14909090909090908 0.30601092896174864
0 0.6509090909090909 0.3551912568306011 0.11272727272727273 0.18579234972677597
0 0.7781818181818182 0.5300546448087432 0.09090909090909091 0.17486338797814208
0 0.7127272727272728 0.6721311475409836 0.05090909090909091 0.11475409836065574
0 0.19818181818181818 0.5136612021857924 0.06909090909090909 0.12568306010928962
0 0.9709090909090909 0.6967213114754098 0.05454545454545454 0.12568306010928962
0 0.1890909090909091 0.11748633879781421 0.23272727272727273 0.23497267759562843