0 0.5562295081967213 0.3819636363636364 0.8604371584699454 0.7545090909090909
0 0.2804918032786885 0.2680727272727273 0.2317486338797814 0.1930181818181818
0 0.3502185792349727 0.6114909090909091 0.1333879781420765 0.10985454545454545
0 0.41448087431693986 0.6350181818181818 0.08513661202185792 0.07989090909090908
0 0.6487978142076503 0.688509090909091 0.0787431693989071 0.07214545454545454
0 0.6960655737704918 0.6140727272727273 0.08775956284153005 0.07221818181818182
0 0.15 0.8798909090909091 0.06081967213114754 0.05196363636363636
0 0.32098360655737707 0.8065454545454546 0.09420765027322403 0.0721090909090909
0 0.09147540983606557 0.7682545454545455 0.08524590163934426 0.08538181818181818
0 0.41322404371584703 0.8986909090909091 0.09224043715846994 0.06392727272727272
0 0.5771584699453552 0.8326181818181818 0.060109289617486336 0.055818181818181815
0 0.5630054644808743 0.9337818181818183 0.05754098360655737 0.04850909090909091
0 0.6950819672131148 0.9215636363636364 0.07098360655737705 0.06261818181818181
0 0.7490710382513662 0.9294909090909091 0.050437158469945356 0.04850909090909091
0 0.9419672131147541 0.8972 0.063224043715847 0.05665454545454546
0 0.9339344262295082 0.8625454545454545 0.08781420765027323 0.055818181818181815
0 0.854207650273224 0.9534545454545454 0.04846994535519125 0.03650909090909091
0 0.9123497267759564 0.9596363636363635 0.07300546448087432 0.03607272727272727