0 0.0703125 0.5944444444444444 0.0546875 0.1111111111111111
0 0.48515625 0.5111111111111111 0.0375 0.075
0 0.37890625 0.6736111111111112 0.021875 0.041666666666666664
0 0.20234375 0.7541666666666667 0.065625 0.12777777777777777
0 0.27890625 0.75 0.0625 0.12222222222222222
0 0.409375 0.6902777777777778 0.0296875 0.058333333333333334
0 0.459375 0.675 0.0203125 0.044444444444444446
0 0.47578125 0.7111111111111111 0.0234375 0.05
0 0.49765625 0.6888888888888889 0.025 0.05277777777777778
0 0.77109375 0.6958333333333333 0.1046875 0.18333333333333332
0 0.7984375 0.5902777777777778 0.04375 0.09444444444444444