0 0.0625 0.38333333333333336 0.095 0.1688888888888889
0 0.209375 0.3611111111111111 0.0875 0.13777777777777778
0 0.3175 0.4022222222222222 0.06625 0.13777777777777778
0 0.425 0.2811111111111111 0.07 0.13555555555555557
0 0.516875 0.31444444444444447 0.0725 0.1511111111111111
0 0.56625 0.17333333333333334 0.075 0.13111111111111112
0 0.71875 0.18666666666666668 0.06875 0.14444444444444443
0 0.864375 0.08555555555555555 0.07625 0.14444444444444443
0 0.911875 0.23444444444444446 0.0725 0.14888888888888888
0 0.85125 0.31777777777777777 0.075 0.18666666666666668
0 0.63625 0.5144444444444445 0.0625 0.15777777777777777
0 0.499375 0.5833333333333334 0.09 0.14666666666666667
0 0.358125 0.6511111111111111 0.09375 0.16666666666666666
0 0.261875 0.6655555555555556 0.09625 0.16444444444444445
0 0.170625 0.7488888888888889 0.0925 0.21777777777777776
0 0.11625 0.6311111111111111 0.06625 0.12
0 0.13875 0.5322222222222223 0.0775 0.15333333333333332
0 0.35625 0.31333333333333335 0.045 0.09555555555555556
0 0.305 0.16 0.04125 0.08
0 0.23 0.21888888888888888 0.05125 0.09333333333333334
0 0.7525 0.06777777777777778 0.045 0.09777777777777778
0 0.64125 0.18555555555555556 0.055 0.10888888888888888
0 0.633125 0.29888888888888887 0.0575 0.10888888888888888
0 0.718125 0.3688888888888889 0.08 0.15333333333333332
0 0.780625 0.4211111111111111 0.0675 0.13777777777777778
0 0.811875 0.5033333333333333 0.04875 0.12
0 0.8525 0.4711111111111111 0.0675 0.13777777777777778
0 0.579375 0.47555555555555556 0.04625 0.09777777777777778
0 0.561875 0.4 0.0375 0.07777777777777778
0 0.13875 0.23666666666666666 0.03625 0.07333333333333333
0 0.238125 0.35555555555555557 0.04875 0.10444444444444445
0 0.2325 0.49666666666666665 0.07 0.13333333333333333
0 0.070625 0.6133333333333333 0.085 0.18666666666666668
0 0.781875 0.19111111111111112 0.0575 0.15777777777777777