0 0.35896666666666666 0.2553691275167785 0.20347777777777779 0.3379026845637584
0 0.5318666666666667 0.33271812080536917 0.07984444444444444 0.15286912751677853
0 0.6407444444444444 0.3255872483221477 0.0465 0.06140939597315437
0 0.8526777777777778 0.30441275167785237 0.13812222222222223 0.22627516778523493
0 0.8980888888888888 0.13785234899328858 0.10283333333333333 0.1565939597315436
0 0.15745555555555557 0.46697986577181205 0.19433333333333333 0.3140268456375839
0 0.13106666666666666 0.14058724832214767 0.09491111111111111 0.1377013422818792
0 0.5493777777777777 0.5794127516778523 0.1226111111111111 0.21166107382550337
0 0.4781222222222222 0.7094630872483221 0.07846666666666667 0.1429026845637584
0 0.7458777777777778 0.16639261744966444 0.09675555555555555 0.1641442953020134
0 0.6621333333333332 0.22803691275167784 0.03205555555555556 0.06095637583892617
0 0.5897777777777777 0.15045302013422818 0.07901111111111112 0.14906040268456378
0 0.42743333333333333 0.4664261744966443 0.07931111111111111 0.10568791946308725
0 0.4011888888888889 0.37104026845637583 0.0296 0.06171140939597316
0 0.2925888888888889 0.35635906040268456 0.04016666666666666 0.08268456375838926
0 0.21773333333333333 0.23536912751677852 0.04878888888888888 0.10498322147651007
0 0.07954444444444445 0.20035234899328858 0.06964444444444444 0.1397986577181208
0 0.6331111111111111 0.594748322147651 0.08233333333333333 0.15256711409395973
0 0.5514555555555556 0.7285234899328858 0.030133333333333335 0.04261744966442953
0 0.39563333333333334 0.5895134228187919 0.06293333333333333 0.10434563758389262
0 0.2766111111111111 0.6716946308724832 0.03323333333333334 0.0673993288590604
0 0.3352222222222222 0.6763087248322147 0.04488888888888889 0.07662751677852349
0 0.308 0.5408557046979866 0.08488888888888889 0.13288590604026845
0 0.40132222222222225 0.7693959731543624 0.11597777777777778 0.20404362416107383
0 0.8669777777777777 0.6198993288590604 0.05563333333333333 0.13578859060402687
0 0.8987888888888889 0.5133892617449665 0.0398 0.06541946308724833
0 0.9351777777777778 0.5213926174496645 0.038544444444444444 0.06963087248322147
0 0.9629444444444444 0.7721308724832214 0.03922222222222222 0.06271812080536913
0 0.9240666666666666 0.2550838926174497 0.03367777777777778 0.06052013422818792
0 0.9479444444444444 0.2345469798657718 0.0259 0.069748322147651