0 0.0739625 0.28919999999999996 0.0854375 0.1517111111111111
0 0.22107500000000002 0.29877777777777775 0.0791625 0.12195555555555557
0 0.32557499999999995 0.3629777777777778 0.05815000000000001 0.1250888888888889
0 0.4403125 0.2663111111111111 0.062625 0.12284444444444445
0 0.5291875 0.3194222222222222 0.0638625 0.13933333333333334
0 0.588425 0.19033333333333335 0.06735000000000001 0.1166
0 0.7385375000000001 0.23675555555555558 0.060075 0.1322
0 0.8897750000000001 0.16762222222222223 0.06755 0.1317111111111111
0 0.9269 0.32586666666666664 0.0643 0.13533333333333333
0 0.861025 0.3950222222222222 0.0640625 0.17315555555555556
0 0.6341749999999999 0.5434888888888889 0.0528375 0.14835555555555557
0 0.4938 0.5826 0.081625 0.13053333333333333
0 0.348575 0.619688888888889 0.0841375 0.14871111111111113
0 0.25245 0.6128 0.0864 0.1464888888888889
0 0.1563375 0.6752666666666667 0.079675 0.20126666666666665
0 0.11035 0.5468888888888889 0.059800000000000006 0.10711111111111112
0 0.1390875 0.4534222222222222 0.068175 0.13975555555555555
0 0.370075 0.2838222222222222 0.0396375 0.08677777777777777
0 0.3297 0.12077777777777778 0.0364 0.07175555555555556
0 0.34869999999999995 0.1674 0.0019 0.0005555555555555556
0 0.25145 0.1625111111111111 0.045412499999999995 0.08502222222222222
0 0.7800374999999999 0.12564444444444445 0.039575 0.09042222222222222
0 0.6618 0.21895555555555557 0.0481 0.09924444444444444
0 0.6457999999999999 0.3296 0.051100000000000007 0.09828888888888888
0 0.7257875 0.4166666666666667 0.0710875 0.1391111111111111
0 0.7841625000000001 0.48308888888888885 0.05966249999999999 0.12531111111111112
0 0.8095375 0.5708888888888889 0.041425000000000003 0.11244444444444444
0 0.8516625000000001 0.5477555555555556 0.059675000000000006 0.1257111111111111
0 0.58055 0.4924444444444444 0.0406125 0.09064444444444444
0 0.568175 0.4135777777777778 0.0333625 0.07068888888888888
0 0.1597125 0.1600888888888889 0.031425 0.06595555555555556
0 0.2502125 0.2994 0.042575 0.0954
0 0.2349625 0.43844444444444447 0.0619125 0.12044444444444445
0 0.065975 0.5199777777777778 0.0739375 0.17237777777777777
0 0.8011624999999999 0.2542666666666667 0.04832499999999999 0.14766666666666667