0 0.10367272727272728 0.3362841530054645 0.20381818181818182 0.40939890710382515
0 0.2504 0.16469945355191257 0.31029090909090906 0.32934426229508196
0 0.41098181818181817 0.24797814207650273 0.11738181818181818 0.16278688524590162
0 0.5947636363636364 0.2762295081967213 0.3905090909090909 0.5525136612021858
0 0.7663272727272727 0.7525136612021859 0.07476363636363637 0.13808743169398907
0 0.7734181818181818 0.6943715846994535 0.09130909090909091 0.17732240437158472
0 0.5354545454545454 0.7276502732240437 0.0781090909090909 0.16956284153005466
0 0.6312000000000001 0.9326229508196721 0.1446909090909091 0.13327868852459016
0 0.23527272727272727 0.8235519125683061 0.15 0.24295081967213114
0 0.3555272727272727 0.5466120218579235 0.2776727272727273 0.5004371584699453
0 0.09014545454545454 0.6593989071038251 0.1128 0.22256830601092895
0 0.10116363636363636 0.880655737704918 0.20236363636363636 0.23863387978142078
0 0.8866545454545455 0.839344262295082 0.22665454545454544 0.2987978142076503
0 0.04629090909090909 0.08114754098360656 0.09258181818181818 0.16224043715846995
0 0.08778181818181818 0.1180327868852459 0.05712727272727273 0.10524590163934427
0 0.1733818181818182 0.5354644808743169 0.1364 0.2798360655737705
0 0.21476363636363638 0.39114754098360655 0.07374545454545454 0.13830601092896175
0 0.7982181818181818 0.4243169398907104 0.1833090909090909 0.38956284153005466
0 0.8884363636363636 0.21562841530054647 0.22312727272727273 0.4313114754098361
0 0.9396363636363636 0.530327868852459 0.12076363636363636 0.4240437158469945
0 0.8544363636363637 0.5781420765027322 0.07756363636363636 0.17601092896174864
0 0.925490909090909 0.646448087431694 0.05181818181818182 0.0898360655737705
0 0.7327636363636363 0.5398907103825137 0.09716363636363635 0.19202185792349727
0 0.6684363636363636 0.6163934426229508 0.06359999999999999 0.12639344262295082
0 0.6576727272727273 0.7951912568306011 0.06723636363636364 0.15196721311475409
0 0.6948727272727273 0.6794535519125683 0.054145454545454545 0.1173224043715847
0 0.5184 0.5819125683060109 0.08516363636363637 0.166775956284153
0 0.4551636363636364 0.6865573770491803 0.0930181818181818 0.1826775956284153
0 0.2561818181818182 0.6262841530054645 0.050254545454545455 0.11672131147540983
0 0.03650909090909091 0.5481420765027323 0.07301818181818182 0.24961748633879782
0 0.04501818181818182 0.7544262295081967 0.04749090909090909 0.07885245901639344
0 0.034109090909090915 0.6819672131147541 0.053636363636363635 0.08098360655737705
0 0.15338181818181817 0.7143169398907103 0.07123636363636364 0.12890710382513662
0 0.3346181818181818 0.8795628415300547 0.13163636363636363 0.2408743169398907
0 0.28454545454545455 0.9498360655737704 0.053890909090909093 0.09136612021857923
0 0.42916363636363636 0.8472677595628416 0.0969090909090909 0.18890710382513662
0 0.4002181818181818 0.9324043715846995 0.04741818181818182 0.07918032786885246
0 0.48847272727272734 0.9594535519125684 0.07007272727272727 0.08114754098360656
0 0.46945454545454546 0.8811475409836066 0.0488 0.08426229508196721
0 0.5076363636363637 0.8298360655737705 0.06643636363636364 0.12459016393442623
0 0.5597818181818182 0.8611475409836066 0.03927272727272728 0.07377049180327869
0 0.5926545454545454 0.8149180327868852 0.05185454545454545 0.08218579234972677
0 0.7137454545454546 0.9140437158469946 0.14301818181818182 0.17191256830601093