0 0.09073359073359073 0.27835051546391754 0.10038610038610038 0.13402061855670103
0 0.29343629343629346 0.2654639175257732 0.138996138996139 0.20618556701030927
0 0.4517374517374517 0.36597938144329895 0.2857142857142857 0.4381443298969072
0 0.5926640926640927 0.327319587628866 0.12355212355212356 0.18556701030927836
0 0.6640926640926641 0.41237113402061853 0.16988416988416988 0.25773195876288657
0 0.8146718146718147 0.5515463917525774 0.15057915057915058 0.21649484536082475
0 0.3185328185328185 0.7989690721649485 0.28957528957528955 0.4020618556701031
0 0.7895752895752896 0.7757731958762887 0.16216216216216217 0.2268041237113402
0 0.8918918918918919 0.05670103092783505 0.10810810810810811 0.1134020618556701
0 0.3590733590733591 0.41494845360824745 0.138996138996139 0.2422680412371134
0 0.19111969111969113 0.7783505154639175 0.05791505791505792 0.07731958762886598
0 0.32625482625482627 0.9381443298969072 0.14285714285714285 0.12371134020618557
0 0.35714285714285715 0.6443298969072165 0.04247104247104247 0.05670103092783505
0 0.7586872586872587 0.8891752577319587 0.10810810810810811 0.11855670103092783
0 0.8687258687258688 0.865979381443299 0.13513513513513514 0.1134020618556701