0 0.5508130081300813 0.5878787878787879 0.024390243902439025 0.048484848484848485
0 0.758130081300813 0.47575757575757577 0.016260162601626018 0.024242424242424242
0 0.6239837398373984 0.5757575757575758 0.012195121951219513 0.024242424242424242
0 0.7317073170731707 0.20303030303030303 0.02032520325203252 0.030303030303030304
0 0.709349593495935 0.396969696969697 0.02032520325203252 0.030303030303030304
0 0.5223577235772358 0.4666666666666667 0.02032520325203252 0.030303030303030304
0 0.5060975609756098 0.4212121212121212 0.02032520325203252 0.030303030303030304
0 0.38414634146341464 0.5848484848484848 0.04065040650406504 0.07272727272727272
0 0.30691056910569103 0.3393939393939394 0.04065040650406504 0.06060606060606061
0 0.21138211382113822 0.6242424242424243 0.10569105691056911 0.18181818181818182
0 0.5955284552845529 0.5515151515151515 0.016260162601626018 0.024242424242424242