0 0.18410326086956522 0.736734693877551 0.10869565217391304 0.20816326530612245
0 0.14130434782608695 0.45816326530612245 0.051630434782608696 0.11632653061224489
0 0.2751358695652174 0.24387755102040817 0.1480978260869565 0.2857142857142857
0 0.6012228260869565 0.8061224489795918 0.014945652173913044 0.044897959183673466
0 0.9959239130434783 0.8112244897959183 0.008152173913043478 0.026530612244897958
0 0.889266304347826 0.5959183673469388 0.017663043478260868 0.036734693877551024
0 0.8729619565217391 0.6653061224489796 0.017663043478260868 0.030612244897959183
0 0.8220108695652174 0.7071428571428572 0.014945652173913044 0.02857142857142857
0 0.8104619565217391 0.6979591836734694 0.02309782608695652 0.044897959183673466
0 0.7832880434782609 0.7255102040816327 0.019021739130434784 0.04285714285714286
0 0.751358695652174 0.6938775510204082 0.019021739130434784 0.04693877551020408
0 0.7466032608695652 0.6295918367346939 0.020380434782608696 0.03877551020408163
0 0.734375 0.6408163265306123 0.017663043478260868 0.036734693877551024
0 0.28125 0.5448979591836735 0.09646739130434782 0.21428571428571427
0 0.40896739130434784 0.37448979591836734 0.10597826086956522 0.20612244897959184
0 0.7472826086956522 0.5918367346938775 0.019021739130434784 0.04081632653061224
0 0.7941576086956522 0.6224489795918368 0.016304347826086956 0.036734693877551024
0 0.673233695652174 0.8571428571428571 0.021739130434782608 0.04081632653061224
0 0.5733695652173914 0.48367346938775513 0.14673913043478262 0.28775510204081634
0 0.6752717391304348 0.7173469387755103 0.014945652173913044 0.026530612244897958
0 0.6589673913043478 0.3520408163265306 0.11413043478260869 0.24081632653061225
0 0.8131793478260869 0.32142857142857145 0.14130434782608695 0.3469387755102041
0 0.6752717391304348 0.4928571428571429 0.03125 0.05510204081632653
0 0.9402173913043478 0.36428571428571427 0.016304347826086956 0.030612244897959183
0 0.3029891304347826 0.8795918367346939 0.014945652173913044 0.026530612244897958
0 0.40421195652173914 0.8326530612244898 0.016304347826086956 0.03469387755102041
0 0.4626358695652174 0.8051020408163265 0.014945652173913044 0.036734693877551024
0 0.5387228260869565 0.713265306122449 0.016304347826086956 0.036734693877551024