0 0.5463333333333333 0.841684434968017 0.066 0.1162046908315565
0 0.24966666666666668 0.8699360341151386 0.12733333333333333 0.13859275053304904
0 0.7463333333333333 0.22334754797441364 0.018 0.03837953091684435
0 0.845 0.38912579957356075 0.016 0.031982942430703626
0 0.683 0.6839019189765458 0.014666666666666666 0.023454157782515993
0 0.748 0.7089552238805971 0.015333333333333332 0.026652452025586353
0 0.7506666666666667 0.6199360341151386 0.008666666666666666 0.017057569296375266
0 0.77 0.6076759061833689 0.01 0.01812366737739872
0 0.7846666666666666 0.6391257995735607 0.006666666666666667 0.01279317697228145
0 0.8103333333333333 0.6732409381663113 0.012666666666666666 0.019189765458422176
0 0.938 0.646588486140725 0.014 0.024520255863539446
0 0.9553333333333334 0.6087420042643923 0.014666666666666666 0.026652452025586353
0 0.6363333333333333 0.6343283582089553 0.009333333333333334 0.015991471215351813
0 0.655 0.6087420042643923 0.01 0.01812366737739872
0 0.6916666666666667 0.5181236673773987 0.008666666666666666 0.015991471215351813
0 0.6936666666666667 0.5394456289978679 0.011333333333333334 0.02025586353944563
0 0.7096666666666667 0.5751599147121536 0.01 0.01812366737739872
0 0.677 0.597547974413646 0.014 0.026652452025586353
0 0.6873333333333334 0.6167377398720683 0.006666666666666667 0.01279317697228145
0 0.723 0.6220682302771855 0.024666666666666667 0.04584221748400853
0 0.179 0.10394456289978678 0.08066666666666666 0.1417910447761194
0 0.12 0.1300639658848614 0.056 0.09808102345415778
0 0.10566666666666667 0.44243070362473347 0.04 0.07462686567164178
0 0.21333333333333335 0.4840085287846482 0.018666666666666668 0.03411513859275053
0 0.30566666666666664 0.5463752665245203 0.032 0.057569296375266525
0 0.31666666666666665 0.423773987206823 0.023333333333333334 0.04051172707889126
0 0.385 0.4605543710021322 0.04933333333333333 0.08848614072494669
0 0.367 0.5628997867803838 0.02666666666666667 0.04477611940298507
0 0.539 0.7126865671641791 0.04 0.07462686567164178
0 0.5063333333333333 0.17697228144989338 0.02 0.03837953091684435
0 0.6616666666666666 0.15191897654584222 0.011333333333333334 0.023454157782515993
0 0.6583333333333333 0.24253731343283583 0.016666666666666666 0.031982942430703626
0 0.514 0.3017057569296375 0.013333333333333334 0.03091684434968017
0 0.5336666666666666 0.3054371002132196 0.014666666666666666 0.028784648187633263
0 0.5193333333333333 0.5394456289978679 0.01 0.019189765458422176
0 0.5613333333333334 0.4861407249466951 0.037333333333333336 0.06929637526652452
0 0.5496666666666666 0.5047974413646056 0.006666666666666667 0.013859275053304905
0 0.5473333333333333 0.5325159914712153 0.011333333333333334 0.021321961620469083
0 0.5476666666666666 0.5687633262260128 0.01 0.015991471215351813
0 0.5423333333333333 0.6023454157782516 0.018666666666666668 0.03411513859275053
0 0.6063333333333333 0.4877398720682303 0.009333333333333334 0.019189765458422176
0 0.714 0.4093816631130064 0.010666666666666666 0.02025586353944563
0 0.6663333333333333 0.4722814498933902 0.012666666666666666 0.024520255863539446
0 0.587 0.5501066098081023 0.011333333333333334 0.021321961620469083
0 0.6573333333333333 0.5778251599147122 0.008 0.015991471215351813
0 0.5783333333333334 0.6178038379530917 0.010666666666666666 0.02025586353944563
0 0.594 0.3448827292110874 0.11933333333333333 0.21961620469083157