0 0.11328125 0.515625 0.03369140625 0.05078125
0 0.4013671875 0.8216145833333334 0.02685546875 0.052083333333333336
0 0.3662109375 0.8294270833333334 0.07763671875 0.17057291666666666
0 0.38232421875 0.7044270833333334 0.03564453125 0.0625
0 0.3251953125 0.66796875 0.0439453125 0.09635416666666667
0 0.2646484375 0.9173177083333334 0.0322265625 0.05859375
0 0.10595703125 0.9928385416666666 0.02734375 0.013671875
0 0.21484375 0.9088541666666666 0.03515625 0.052734375
0 0.18408203125 0.8587239583333334 0.03271484375 0.059895833333333336
0 0.10888671875 0.8580729166666666 0.06884765625 0.11588541666666667
0 0.458984375 0.16861979166666666 0.04638671875 0.08072916666666667
0 0.38330078125 0.4791666666666667 0.04052734375 0.08072916666666667
0 0.5322265625 0.2936197916666667 0.04296875 0.068359375
0 0.49658203125 0.421875 0.12353515625 0.19921875
0 0.70263671875 0.23958333333333334 0.04638671875 0.09375
0 0.6142578125 0.3802083333333333 0.044921875 0.07421875
0 0.69384765625 0.423828125 0.05078125 0.076171875
0 0.86865234375 0.2890625 0.0615234375 0.10546875
0 0.572265625 0.7630208333333334 0.02490234375 0.041015625
0 0.66796875 0.8997395833333334 0.0478515625 0.08268229166666667
0 0.68212890625 0.5286458333333334 0.02978515625 0.048828125
0 0.6787109375 0.5611979166666666 0.0576171875 0.11197916666666667
0 0.88671875 0.8196614583333334 0.0498046875 0.087890625
0 0.25048828125 0.5514322916666666 0.07861328125 0.12890625
0 0.7421875 0.77734375 0.1640625 0.3704427083333333
0 0.8232421875 0.65625 0.287109375 0.5852864583333334
0 0.22314453125 0.5266927083333334 0.04931640625 0.08463541666666667
0 0.1171875 0.5872395833333334 0.06298828125 0.1015625
0 0.08447265625 0.55859375 0.04150390625 0.068359375