0 0.6418181818181818 0.5601092896174863 0.02181818181818182 0.03825136612021858
0 0.6818181818181818 0.5382513661202186 0.025454545454545455 0.04371584699453552
0 0.8454545454545455 0.2677595628415301 0.07272727272727272 0.13114754098360656
0 0.6581818181818182 0.4726775956284153 0.02909090909090909 0.04918032786885246
0 0.6436363636363637 0.5245901639344263 0.02181818181818182 0.03825136612021858
0 0.6618181818181819 0.505464480874317 0.04363636363636364 0.07103825136612021
0 0.13818181818181818 0.5218579234972678 0.03636363636363636 0.07103825136612021
0 0.21272727272727274 0.40710382513661203 0.08 0.15300546448087432
0 0.28 0.5273224043715847 0.03636363636363636 0.06557377049180328
0 0.28909090909090907 0.40437158469945356 0.02181818181818182 0.04371584699453552
0 0.2963636363636364 0.37158469945355194 0.025454545454545455 0.04918032786885246
0 0.4218181818181818 0.3005464480874317 0.02909090909090909 0.0546448087431694
0 0.46 0.3360655737704918 0.025454545454545455 0.04371584699453552
0 0.39636363636363636 0.40437158469945356 0.025454545454545455 0.0546448087431694
0 0.39636363636363636 0.45901639344262296 0.025454545454545455 0.060109289617486336
0 0.37272727272727274 0.5136612021857924 0.025454545454545455 0.0546448087431694
0 0.37454545454545457 0.48633879781420764 0.02909090909090909 0.0546448087431694
0 0.3327272727272727 0.6584699453551912 0.01818181818181818 0.03278688524590164
0 0.3327272727272727 0.680327868852459 0.025454545454545455 0.04371584699453552
0 0.5272727272727272 0.4016393442622951 0.02181818181818182 0.03825136612021858
0 0.6981818181818182 0.3005464480874317 0.04727272727272727 0.08196721311475409
0 0.43272727272727274 0.546448087431694 0.01818181818181818 0.03825136612021858
0 0.4618181818181818 0.5355191256830601 0.02909090909090909 0.04918032786885246
0 0.5036363636363637 0.4918032786885246 0.04 0.07103825136612021
0 0.5109090909090909 0.45901639344262296 0.03272727272727273 0.0546448087431694
0 0.5618181818181818 0.40710382513661203 0.01818181818181818 0.03278688524590164
0 0.5345454545454545 0.4453551912568306 0.025454545454545455 0.04371584699453552
0 0.5690909090909091 0.48633879781420764 0.01818181818181818 0.0273224043715847
0 0.7018181818181818 0.412568306010929 0.02181818181818182 0.03825136612021858
0 0.62 0.592896174863388 0.02181818181818182 0.04371584699453552
0 0.7036363636363636 0.4890710382513661 0.02181818181818182 0.04371584699453552
0 0.62 0.5546448087431693 0.01818181818181818 0.03825136612021858