0 0.5 0.5 1 1
0 0.23545454545454544 0.7437720706260033 0.02407685098406748 0.021308186195826646
0 0.2771883786316776 0.7529855537720707 0.023542642924086223 0.021749598715890852
0 0.3069821930646673 0.7683868378812199 0.017507029053420806 0.018820224719101122
0 0.32693533270852854 0.8262520064205457 0.015398313027179006 0.015409309791332263
0 0.18426429240862233 0.9439085072231139 0.016213683223992505 0.014670947030497592
0 0.23440487347703845 0.9354895666131621 0.014770384254920338 0.017913322632423755
0 0.30711340206185567 0.9143579454253611 0.020393626991565137 0.016260032102728732
0 0.37300843486410495 0.8664847512038524 0.010402999062792876 0.010441412520064206
0 0.36696344892221183 0.9234590690208668 0.019334582942830365 0.018723916532905296
0 0.4021462043111527 0.8858105939004816 0.01617619493908154 0.017624398073836277
0 0.4332521087160262 0.9132343499197433 0.0180037488284911 0.014012841091492777
0 0.08608247422680412 0.8818780096308185 0.019381443298969073 0.02099518459069021
0 0.12349578256794752 0.8664847512038524 0.018059981255857543 0.014943820224719103
0 0.1396344892221181 0.8710914927768861 0.021471415182755388 0.021902086677367576
0 0.17862230552952202 0.8691813804173355 0.018050609184629803 0.020329052969502406
0 0.017572633552014997 0.8651364365971108 0.0188659793814433 0.016741573033707866
0 0.027544517338331773 0.8440128410914929 0.012558575445173383 0.019446227929373998
0 0.039231490159325214 0.9490770465489566 0.01754451733833177 0.02050561797752809
0 0.0534020618556701 0.8781701444622794 0.01964386129334583 0.020329052969502406
0 0.21537019681349578 0.9364927768860353 0.01804123711340206 0.01781701444622793
0 0.27561387066541704 0.8941252006420545 0.01514526710402999 0.02077046548956661
0 0.090543580131209 0.9559390048154093 0.012549203373945642 0.01398876404494382
0 0.13084348641049673 0.9419983948635634 0.017010309278350514 0.017592295345104335
0 0.18964386129334582 0.9189646869983948 0.02434864104967198 0.018731942215088282
0 0.30173383317713215 0.9897592295345105 0.017507029053420806 0.016436597110754413
0 0.33769447047797563 0.9526725521669341 0.026419868791002814 0.018707865168539325
0 0.4352202436738519 0.9898715890850723 0.019315838800374883 0.014414125200642055
0 0.6971977507029054 0.8621027287319423 0.023477038425492036 0.021910112359550562
0 0.5672633552014995 0.8946950240770465 0.010374882849109654 0.01514446227929374
0 0.6076850984067479 0.8925601926163724 0.013786316776007498 0.01384430176565008
0 0.6171415182755389 0.8567094703049759 0.020862230552952204 0.020112359550561797
0 0.6878819119025305 0.8431139646869984 0.024039362699156512 0.02280096308186196
0 0.6468041237113402 0.7924317817014447 0.0171883786316776 0.012961476725521668
0 0.6554639175257732 0.8130016051364366 0.01274601686972821 0.015593900481540931
0 0.6806654170571697 0.7829935794542536 0.016654170571696346 0.016565008025682185
0 0.7217525773195876 0.7699598715890851 0.02456419868791003 0.022985553772070625
0 0.8134957825679475 0.8174879614767255 0.025032802249297097 0.02485553772070626
0 0.7989222118088097 0.7753531300160514 0.01952202436738519 0.02375601926163724
0 0.9111433926897845 0.7719743178170144 0.03131208997188378 0.026011235955056177
0 0.9692970946579194 0.7392857142857142 0.023036551077788188 0.023643659711075442
0 0.9278163074039363 0.9049197431781701 0.009522024367385192 0.010874799357945426
0 0.9381818181818181 0.9168298555377207 0.009119025304592316 0.010264847512038523
0 0.9472446110590441 0.8762600321027286 0.02211808809746954 0.02774478330658106
0 0.9477694470477975 0.831091492776886 0.017919400187441425 0.018330658105939004
0 0.8132333645735708 0.8896308186195827 0.019259606373008435 0.016276083467094703
0 0.8415838800374883 0.9148073836276083 0.02344892221180881 0.017158908507223115
0 0.9317525773195876 0.9349277688603532 0.014104967197750704 0.01678972712680578
0 0.5798594189315839 0.9865008025682184 0.014573570759137771 0.021163723916532907
0 0.6213402061855671 0.9458186195826646 0.018762886597938143 0.02073836276083467
0 0.8389597000937207 0.7507383627608346 0.01295220243673852 0.01725521669341894