0 0.5 0.5 1 1
0 0.3003748828491096 0.7857142857142857 0.029053420805998126 0.024879614767255216
0 0.3434864104967198 0.7873194221508828 0.028116213683223992 0.025682182985553772
0 0.37628865979381443 0.7969502407704655 0.02155576382380506 0.021669341894060994
0 0.41002811621368324 0.8499197431781701 0.01874414245548266 0.01765650080256822
0 0.29896907216494845 0.9903691813804173 0.019681349578256794 0.016853932584269662
0 0.3458294283036551 0.9731139646869984 0.01874414245548266 0.020064205457463884
0 0.4119025304592315 0.9398073836276083 0.023430178069353328 0.019261637239165328
0 0.46485473289597 0.8812199036918138 0.013120899718837863 0.012038523274478331
0 0.47282099343955014 0.937800963081862 0.023430178069353328 0.021669341894060994
0 0.49812558575445176 0.8948635634028892 0.019681349578256794 0.020064205457463884
0 0.53514526710403 0.916131621187801 0.020618556701030927 0.016853932584269662
0 0.18791002811621368 0.9470304975922953 0.02436738519212746 0.024077046548956663
0 0.22071227741330834 0.9253611556982343 0.02155576382380506 0.01765650080256822
0 0.23758200562324275 0.9269662921348315 0.026241799437675725 0.024879614767255216
0 0.27507029053420806 0.9181380417335474 0.022492970946579195 0.023274478330658106
0 0.11668228678537956 0.9430176565008026 0.022492970946579195 0.020064205457463884
0 0.12136832239925023 0.920545746388443 0.016869728209934397 0.02086677367576244
0 0.15510777881911902 0.949438202247191 0.02436738519212746 0.023274478330658106
0 0.32755388940955954 0.9775280898876404 0.02155576382380506 0.02086677367576244
0 0.37628865979381443 0.9253611556982343 0.019681349578256794 0.023274478330658106
0 0.24554826616682288 0.9939807383627608 0.020618556701030927 0.012038523274478331
0 0.2980318650421743 0.9650882825040128 0.028116213683223992 0.02247191011235955
0 0.45126522961574506 0.9715088282504013 0.02999062792877226 0.023274478330658106
0 0.555763823805061 0.9907704654895666 0.022492970946579195 0.01765650080256822
0 0.7806935332708529 0.8190208667736758 0.028116213683223992 0.025682182985553772
0 0.6616682286785379 0.8739967897271268 0.014058106841611996 0.016853932584269662
0 0.7005623242736645 0.8647672552166934 0.016869728209934397 0.016051364365971106
0 0.7010309278350515 0.8282504012841091 0.02530459231490159 0.023274478330658106
0 0.7671040299906279 0.8021669341894061 0.029053420805998126 0.026484751203852328
0 0.7146204311152765 0.7600321027287319 0.019681349578256794 0.016051364365971106
0 0.7282099343955014 0.7784911717495987 0.015932521087160263 0.01765650080256822
0 0.7455482661668229 0.7447833065810594 0.020618556701030927 0.019261637239165328
0 0.7825679475164011 0.7247191011235955 0.02999062792877226 0.026484751203852328
0 0.8837863167760075 0.7548154093097913 0.030927835051546393 0.028892455858747994
0 0.85941893158388 0.7162921348314607 0.02530459231490159 0.026484751203852328
0 0.9681349578256795 0.6930176565008026 0.03655107778819119 0.03130016051364366
0 0.901124648547329 0.8254414125200642 0.022492970946579195 0.019261637239165328
0 0.9348641049671977 0.8451043338683788 0.02717900656044986 0.02086677367576244
0 0.6963448922211809 0.9614767255216693 0.019681349578256794 0.023274478330658106
0 0.7268041237113402 0.9145264847512039 0.023430178069353328 0.023274478330658106
0 0.8922211808809747 0.684991974317817 0.016869728209934397 0.019261637239165328