0 0.065 0.5838414634146342 0.044 0.08536585365853659
0 0.311 0.6021341463414634 0.044 0.08536585365853659
0 0.372 0.7332317073170732 0.044 0.08536585365853659
0 0.664 0.8841463414634146 0.058 0.12804878048780488
0 0.599 0.9496951219512195 0.044 0.08231707317073171
0 0.922 0.39176829268292684 0.044 0.08536585365853659
0 0.727 0.2027439024390244 0.044 0.08536585365853659
0 0.197 0.9512195121951219 0.044 0.08536585365853659
0 0.72 0.12652439024390244 0.056 0.0975609756097561
0 0.795 0.39176829268292684 0.044 0.08536585365853659
0 0.899 0.7637195121951219 0.124 0.22865853658536586
0 0.375 0.8414634146341463 0.044 0.08536585365853659
0 0.602 0.44664634146341464 0.48 0.8628048780487805
0 0.148 0.6737804878048781 0.044 0.08536585365853659