0 0.6421875 0.8583333333333333 0.04375 0.035416666666666666
0 0.49453125 0.9807291666666667 0.021875 0.019791666666666666
0 0.475 0.9901041666666667 0.0234375 0.01875
0 0.4859375 0.9895833333333334 0.015625 0.011458333333333333
0 0.5234375 0.996875 0.0140625 0.005208333333333333
0 0.62890625 0.99375 0.01875 0.011458333333333333
0 0.73828125 0.7505208333333333 0.0515625 0.040625
0 0.728125 0.8177083333333334 0.13125 0.1125
0 0.778125 0.8833333333333333 0.0578125 0.05625
0 0.78828125 0.9802083333333333 0.0234375 0.019791666666666666
0 0.93515625 0.8708333333333333 0.0578125 0.04479166666666667
0 0.9125 0.9151041666666667 0.0640625 0.06145833333333333
0 0.946875 0.93125 0.04375 0.03854166666666667
0 0.89765625 0.9916666666666667 0.04375 0.014583333333333334
0 0.05390625 0.5927083333333333 0.0734375 0.058333333333333334
0 0.1578125 0.18229166666666666 0.21875 0.14895833333333333
0 0.88046875 0.21979166666666666 0.16875 0.12291666666666666
0 0.30546875 0.4390625 0.196875 0.15833333333333333
0 0.46953125 0.43125 0.2265625 0.19479166666666667
0 0.92109375 0.5171875 0.1546875 0.16354166666666667
0 0.31015625 0.6411458333333333 0.053125 0.035416666666666666
0 0.0546875 0.6859375 0.0703125 0.059375
0 0.075 0.7791666666666667 0.0578125 0.04375
0 0.15078125 0.7630208333333334 0.0453125 0.036458333333333336
0 0.27890625 0.8130208333333333 0.0375 0.030208333333333334
0 0.48125 0.7880208333333333 0.0734375 0.06041666666666667
0 0.43046875 0.8104166666666667 0.0609375 0.051041666666666666
0 0.24453125 0.9661458333333334 0.034375 0.03229166666666667
0 0.30859375 0.9614583333333333 0.0375 0.03125
0 0.296875 0.9880208333333333 0.0359375 0.022916666666666665
0 0.40625 0.9442708333333333 0.0375 0.029166666666666667
0 0.58046875 0.9223958333333333 0.0375 0.035416666666666666
0 0.375 0.878125 0.0390625 0.040625
0 0.621875 0.965625 0.021875 0.017708333333333333