0 0.32652 0.3944666666666667 0.02502 0.028053333333333333
0 0.40184 0.39736 0.02902 0.020493333333333332
0 0.45116 0.39825333333333335 0.021 0.02228
0 0.49484 0.4046933333333333 0.02166 0.021826666666666668
0 0.5205 0.39758666666666664 0.02632 0.025386666666666665
0 0.6271599999999999 0.4026933333333333 0.03964 0.03116
0 0.70514 0.32870666666666665 0.048960000000000004 0.03876
0 0.64548 0.27873333333333333 0.056299999999999996 0.03212
0 0.74514 0.28317333333333333 0.048960000000000004 0.041
0 0.9358 0.27471999999999996 0.08358 0.059666666666666666
0 0.85346 0.2118533333333333 0.05894 0.036160000000000005
0 0.9178 0.12877333333333332 0.03426 0.029986666666666665
0 0.69848 0.12010666666666667 0.062299999999999994 0.04377333333333333
0 0.25952 0.3289333333333333 0.04436 0.03476
0 0.32218 0.2542933333333333 0.06302 0.04546666666666667
0 0.48016000000000003 0.27228 0.07234 0.041453333333333335
0 0.28684 0.111 0.045700000000000005 0.03888
0 0.12586 0.06478666666666667 0.03706 0.03536
0 0.47016 0.11322666666666667 0.052340000000000005 0.03444
0 0.44316 0.22252 0.03168 0.03082666666666667
0 0.28518 0.06278666666666667 0.0357 0.026920000000000003