0 0.4912523719165085 0.23110666666666668 0.35842504743833015 0.37333333333333335
0 0.0876280834914611 0.33632 0.036470588235294116 0.03818666666666667
0 0.11385199240986717 0.4004533333333333 0.02284629981024668 0.02132
0 0.37580645161290327 0.3820266666666666 0.024231499051233396 0.022199999999999998
0 0.4513851992409867 0.37629333333333337 0.022580645161290325 0.015093333333333334
0 0.434876660341556 0.42968 0.026717267552182164 0.023186666666666668
0 0.4901138519924099 0.5000399999999999 0.019468690702087284 0.0188
0 0.6090702087286528 0.52144 0.021935483870967745 0.01950666666666667
0 0.6319924098671726 0.55104 0.014079696394686907 0.011946666666666668
0 0.6781404174573055 0.5674266666666666 0.021707779886148006 0.012813333333333333
0 0.6514990512333966 0.45108 0.013870967741935483 0.012293333333333335
0 0.6703984819734345 0.4426 0.012428842504743833 0.011280000000000002
0 0.6890891840607211 0.44796 0.014686907020872865 0.01332
0 0.6702846299810247 0.48951999999999996 0.014288425047438331 0.010826666666666665
0 0.7118216318785578 0.52104 0.013244781783681216 0.009346666666666666
0 0.7181973434535105 0.5095466666666667 0.015104364326375712 0.013133333333333334
0 0.7405123339658444 0.41350666666666663 0.04730550284629981 0.044520000000000004
0 0.7266793168880455 0.34786666666666666 0.017153700189753318 0.013946666666666668
0 0.6377609108159393 0.3396666666666667 0.021518026565464896 0.01874666666666667
0 0.7604743833017077 0.18934666666666666 0.03768500948766603 0.03448
0 0.8281024667931689 0.19050666666666666 0.04696394686907021 0.031
0 0.9350664136622391 0.17237333333333332 0.050246679316888046 0.03246666666666667
0 0.8362618595825426 0.4359866666666667 0.019905123339658444 0.014026666666666666
0 0.7642314990512334 0.5101733333333334 0.01351043643263757 0.010453333333333334
0 0.7970208728652751 0.5040266666666666 0.019905123339658444 0.013693333333333333
0 0.8201518026565465 0.5048933333333333 0.016603415559772294 0.01544
0 0.929089184060721 0.4164 0.023681214421252372 0.016426666666666666
0 0.9263946869070209 0.40725333333333336 0.024648956356736244 0.01752
0 0.7298102466793169 0.4940133333333333 0.015597722960151803 0.011093333333333334
0 0.6565844402277039 0.5615333333333333 0.012960151802656547 0.012893333333333333
0 0.6666793168880455 0.5581066666666666 0.01062618595825427 0.009026666666666665
0 0.6903415559772296 0.5574133333333333 0.012675521821631877 0.009626666666666667
0 0.7067741935483871 0.5408000000000001 0.017039848197343454 0.010333333333333333
0 0.7369639468690702 0.5460533333333334 0.015502846299810247 0.009733333333333333
0 0.8255407969639469 0.5272 0.014629981024667931 0.011733333333333333