0 0.36865234375 0.6688644688644688 0.03515625 0.060805860805860805
0 0.75927734375 0.5439560439560439 0.1103515625 0.18315018315018314
0 0.190185546875 0.30732600732600734 0.05078125 0.08791208791208792
0 0.02197265625 0.48644688644688644 0.0439453125 0.08791208791208792
0 0.416748046875 0.680952380952381 0.05078125 0.08791208791208792
0 0.531005859375 0.638095238095238 0.05078125 0.08791208791208792
0 0.55615234375 0.626007326007326 0.05078125 0.08791208791208792
0 0.65087890625 0.5776556776556776 0.05078125 0.08791208791208792
0 0.415283203125 0.5018315018315018 0.03515625 0.060805860805860805
0 0.45751953125 0.4868131868131868 0.03515625 0.060805860805860805
0 0.602294921875 0.5249084249084249 0.03515625 0.060805860805860805
0 0.61083984375 0.5978021978021978 0.03515625 0.060805860805860805
0 0.621826171875 0.5582417582417583 0.03515625 0.060805860805860805
0 0.912841796875 0.3556776556776557 0.03515625 0.060805860805860805
0 0.886474609375 0.21831501831501832 0.03515625 0.060805860805860805
0 0.4697265625 0.6296703296703297 0.03515625 0.060805860805860805
0 0.265380859375 0.7450549450549451 0.03515625 0.060805860805860805
0 0.28173828125 0.6644688644688644 0.03515625 0.060805860805860805
0 0.637939453125 0.47912087912087914 0.02587890625 0.04395604395604396
0 0.171630859375 0.17106227106227107 0.06884765625 0.09084249084249084