0 0.18738898756660746 0.354 0.046181172291296625 0.03866666666666667
0 0.3197158081705151 0.204 0.021314387211367674 0.017333333333333333
0 0.4369449378330373 0.208 0.02664298401420959 0.021333333333333333
0 0.4182948490230906 0.24466666666666667 0.028419182948490232 0.024
0 0.4698046181172291 0.284 0.02486678507992895 0.018666666666666668
0 0.48756660746003555 0.2806666666666667 0.019538188277087035 0.017333333333333333
0 0.44582593250444047 0.322 0.019538188277087035 0.02
0 0.458259325044405 0.32 0.02486678507992895 0.028
0 0.48134991119005327 0.31 0.019538188277087035 0.013333333333333334
0 0.5328596802841918 0.294 0.02664298401420959 0.02666666666666667
0 0.5817051509769094 0.31 0.017761989342806393 0.013333333333333334
0 0.5488454706927176 0.3006666666666667 0.017761989342806393 0.014666666666666666
0 0.5435168738898757 0.2946666666666667 0.014209591474245116 0.012
0 0.6865008880994672 0.28933333333333333 0.04085257548845471 0.030666666666666665
0 0.6474245115452931 0.30266666666666664 0.021314387211367674 0.018666666666666668
0 0.8756660746003553 0.16666666666666666 0.023090586145648313 0.017333333333333333