0 0.933837890625 0.5478515625 0.0888671875 0.13216145833333334
0 0.77197265625 0.6839192708333334 0.05126953125 0.07161458333333333
0 0.790283203125 0.3317057291666667 0.04296875 0.05859375
0 0.6162109375 0.4192708333333333 0.05126953125 0.07161458333333333
0 0.630615234375 0.7353515625 0.05126953125 0.07161458333333333
0 0.628173828125 0.7373046875 0.05126953125 0.07161458333333333
0 0.446044921875 0.70703125 0.05126953125 0.07161458333333333
0 0.417236328125 0.6614583333333334 0.05126953125 0.07161458333333333
0 0.029052734375 0.6692708333333334 0.05126953125 0.09375
0 0.03271484375 0.5804036458333334 0.05126953125 0.07161458333333333
0 0.291748046875 0.6305338541666666 0.03955078125 0.06380208333333333
0 0.80712890625 0.5319010416666666 0.02587890625 0.044921875
0 0.216064453125 0.6744791666666666 0.02587890625 0.044921875
0 0.19677734375 0.5703125 0.02587890625 0.044921875
0 0.924560546875 0.24739583333333334 0.02587890625 0.044921875
0 0.67041015625 0.431640625 0.02587890625 0.044921875
0 0.241455078125 0.22526041666666666 0.02587890625 0.044921875
0 0.16552734375 0.4694010416666667 0.02587890625 0.044921875
0 0.333740234375 0.921875 0.13427734375 0.15625
0 0.6396484375 0.8346354166666666 0.0888671875 0.13216145833333334
0 0.80908203125 0.8776041666666666 0.15234375 0.23372395833333334
0 0.682373046875 0.7340494791666666 0.0888671875 0.13216145833333334
0 0.72509765625 0.07877604166666667 0.0888671875 0.13216145833333334
0 0.839111328125 0.6959635416666666 0.05126953125 0.07161458333333333