0 0.541259765625 0.6831501831501832 0.044921875 0.09010989010989011
0 0.264404296875 0.6388278388278388 0.40283203125 0.7223443223443223
0 0.80615234375 0.6567765567765568 0.3876953125 0.6512820512820513
0 0.31103515625 0.19413919413919414 0.02685546875 0.04981684981684982
0 0.317138671875 0.2641025641025641 0.033203125 0.060805860805860805
0 0.407470703125 0.34175824175824177 0.033203125 0.060805860805860805
0 0.396240234375 0.3871794871794872 0.02978515625 0.05201465201465202
0 0.4541015625 0.7025641025641025 0.03564453125 0.07106227106227106
0 0.498291015625 0.7025641025641025 0.03369140625 0.0695970695970696
0 0.09033203125 0.9201465201465201 0.033203125 0.060805860805860805
0 0.6796875 0.45787545787545786 0.033203125 0.060805860805860805
0 0.64111328125 0.3468864468864469 0.033203125 0.060805860805860805
0 0.466552734375 0.8095238095238095 0.03271484375 0.05054945054945055
0 0.453857421875 0.9794871794871794 0.01953125 0.03882783882783883
0 0.392822265625 0.9604395604395605 0.01953125 0.03882783882783883
0 0.548828125 0.7582417582417582 0.01953125 0.03882783882783883
0 0.4873046875 0.34102564102564104 0.0556640625 0.10476190476190476
0 0.52734375 0.37252747252747254 0.0556640625 0.10476190476190476