0 0.110595703125 0.5993401759530792 0.0234375 0.04325513196480939
0 0.5859375 0.31121700879765396 0.0234375 0.04325513196480939
0 0.82177734375 0.27126099706744866 0.0234375 0.04325513196480939
0 0.97705078125 0.31048387096774194 0.0205078125 0.04252199413489736
0 0.91845703125 0.2925219941348974 0.0234375 0.04325513196480939
0 0.737548828125 0.49230205278592376 0.0234375 0.04325513196480939
0 0.6982421875 0.3841642228739003 0.0234375 0.04325513196480939
0 0.62060546875 0.2060117302052786 0.041015625 0.07111436950146628
0 0.064453125 0.5909090909090909 0.0380859375 0.05718475073313783
0 0.341796875 0.47873900293255134 0.029296875 0.054252199413489736
0 0.27392578125 0.2723607038123167 0.029296875 0.054252199413489736
0 0.38916015625 0.5604838709677419 0.07568359375 0.1348973607038123