0 0.928955078125 0.5979817708333334 0.09423828125 0.13802083333333334
0 0.759033203125 0.71484375 0.0537109375 0.07486979166666667
0 0.80029296875 0.3662109375 0.044921875 0.061848958333333336
0 0.62109375 0.4329427083333333 0.0537109375 0.07486979166666667
0 0.61474609375 0.7496744791666666 0.0537109375 0.07486979166666667
0 0.612060546875 0.7513020833333334 0.0537109375 0.07486979166666667
0 0.4326171875 0.6998697916666666 0.0537109375 0.07486979166666667
0 0.406982421875 0.6513671875 0.0537109375 0.07486979166666667
0 0.023681640625 0.6136067708333334 0.04736328125 0.09700520833333333
0 0.029296875 0.5260416666666666 0.0537109375 0.07486979166666667
0 0.283935546875 0.6057942708333334 0.0419921875 0.06640625
0 0.803955078125 0.5673828125 0.02783203125 0.046223958333333336
0 0.205810546875 0.6409505208333334 0.02783203125 0.046223958333333336
0 0.193359375 0.5348307291666666 0.02783203125 0.046223958333333336
0 0.939453125 0.2975260416666667 0.02783203125 0.046223958333333336
0 0.67431640625 0.4514973958333333 0.02783203125 0.046223958333333336
0 0.260498046875 0.1962890625 0.02783203125 0.046223958333333336
0 0.1689453125 0.4306640625 0.02783203125 0.046223958333333336
0 0.306640625 0.9029947916666666 0.14013671875 0.16796875
0 0.6171875 0.849609375 0.09423828125 0.13802083333333334
0 0.783203125 0.8951822916666666 0.1611328125 0.20963541666666666
0 0.666259765625 0.7542317708333334 0.09423828125 0.13802083333333334
0 0.751708984375 0.1064453125 0.09423828125 0.13802083333333334
0 0.824951171875 0.7347005208333334 0.0537109375 0.07486979166666667