0 0.7714285714285715 0.27294921875 0.14505494505494507 0.1162109375
0 0.3791208791208791 0.4580078125 0.14505494505494507 0.1162109375
0 0.1619047619047619 0.429443359375 0.07179487179487179 0.05322265625
0 0.07802197802197802 0.53125 0.09084249084249084 0.07177734375
0 0.2783882783882784 0.59033203125 0.3172161172161172 0.23876953125
0 0.6010989010989011 0.095947265625 0.126007326007326 0.0986328125
0 0.7956043956043956 0.455322265625 0.04322344322344322 0.03125
0 0.5124542124542124 0.44970703125 0.04322344322344322 0.03125
0 0.4461538461538462 0.489990234375 0.04322344322344322 0.03125
0 0.5340659340659341 0.52392578125 0.04322344322344322 0.03125
0 0.8835164835164835 0.485595703125 0.04322344322344322 0.03125
0 0.7216117216117216 0.449951171875 0.05274725274725275 0.04052734375
0 0.8322344322344323 0.08447265625 0.136996336996337 0.115234375