0 0.14377289377289376 0.28515625 0.026251526251526252 0.02099609375
0 0.8305860805860806 0.119384765625 0.07020757020757021 0.07275390625
0 0.5131257631257631 0.211181640625 0.03907203907203907 0.03466796875
0 0.333028083028083 0.2822265625 0.03907203907203907 0.03466796875
0 0.5384615384615384 0.33154296875 0.03907203907203907 0.03466796875
0 0.8336385836385837 0.294677734375 0.03907203907203907 0.03466796875
0 0.9664224664224664 0.11572265625 0.03907203907203907 0.03466796875
0 0.32936507936507936 0.1484375 0.03907203907203907 0.03466796875
0 0.07905982905982906 0.28564453125 0.03907203907203907 0.03466796875
0 0.4813797313797314 0.090087890625 0.03907203907203907 0.03466796875
0 0.4261294261294261 0.33544921875 0.03907203907203907 0.03466796875
0 0.020146520146520148 0.24169921875 0.029914529914529916 0.03466796875
0 0.2496947496947497 0.28125 0.026251526251526252 0.02099609375
0 0.23534798534798534 0.317138671875 0.026251526251526252 0.02099609375
0 0.15415140415140416 0.3125 0.026251526251526252 0.02099609375
0 0.42277167277167277 0.286865234375 0.026251526251526252 0.02099609375