0 0.4316888045540797 0.23533333333333334 0.4364326375711575 0.408
0 0.055977229601518026 0.38333333333333336 0.04364326375711575 0.04133333333333333
0 0.0967741935483871 0.444 0.026565464895635674 0.024
0 0.3510436432637571 0.3973333333333333 0.028462998102466792 0.024
0 0.4240986717267552 0.38333333333333336 0.026565464895635674 0.017333333333333333
0 0.42030360531309297 0.438 0.03225806451612903 0.025333333333333333
0 0.4905123339658444 0.5013333333333333 0.022770398481973434 0.021333333333333333
0 0.6129032258064516 0.5093333333333333 0.026565464895635674 0.021333333333333333
0 0.6413662239089184 0.536 0.017077798861480076 0.013333333333333334
0 0.6907020872865275 0.5473333333333333 0.024667931688804556 0.014666666666666666
0 0.6385199240986718 0.43533333333333335 0.017077798861480076 0.013333333333333334
0 0.6555977229601518 0.4246666666666667 0.015180265654648957 0.012
0 0.6755218216318786 0.428 0.017077798861480076 0.014666666666666666
0 0.6660341555977229 0.4706666666666667 0.017077798861480076 0.012
0 0.713472485768501 0.49733333333333335 0.015180265654648957 0.010666666666666666
0 0.7172675521821632 0.48533333333333334 0.017077798861480076 0.014666666666666666
0 0.7182163187855788 0.388 0.056925996204933584 0.04933333333333333
0 0.6897533206831119 0.32466666666666666 0.020872865275142316 0.016
0 0.6005692599620494 0.32666666666666666 0.024667931688804556 0.021333333333333333
0 0.6878557874762808 0.16466666666666666 0.04554079696394687 0.03866666666666667
0 0.7552182163187856 0.158 0.05313092979127135 0.036
0 0.8567362428842504 0.12866666666666668 0.056925996204933584 0.037333333333333336
0 0.8178368121442126 0.4 0.022770398481973434 0.016
0 0.7628083491461101 0.48133333333333334 0.015180265654648957 0.012
0 0.7941176470588235 0.4713333333333333 0.022770398481973434 0.016
0 0.816888045540797 0.4693333333333333 0.018975332068311195 0.017333333333333333
0 0.905123339658444 0.37 0.026565464895635674 0.018666666666666668
0 0.9003795066413662 0.36133333333333334 0.028462998102466792 0.02
0 0.7258064516129032 0.4686666666666667 0.017077798861480076 0.013333333333333334
0 0.6679316888045541 0.5433333333333333 0.015180265654648957 0.014666666666666666
0 0.6774193548387096 0.5393333333333333 0.013282732447817837 0.010666666666666666
0 0.7011385199240987 0.536 0.015180265654648957 0.010666666666666666
0 0.713472485768501 0.5173333333333333 0.018975332068311195 0.012
0 0.7438330170777988 0.5193333333333333 0.017077798861480076 0.010666666666666666
0 0.8273244781783681 0.49133333333333334 0.017077798861480076 0.013333333333333334