0 0.389010989010989 0.6595017098192477 0.046153846153846156 0.039081582804103565
0 0.295970695970696 0.550561797752809 0.08205128205128205 0.07376648754274548
0 0.9355311355311355 0.38544211040547144 0.12893772893772895 0.14606741573033707
0 0.2937728937728938 0.0718124084025403 0.07179487179487179 0.06497313141182218
0 0.575091575091575 0.6106497313141183 0.06153846153846154 0.04934049829018075
0 0.9076923076923077 0.5451880801172447 0.046153846153846156 0.039081582804103565
0 0.6468864468864469 0.11968734733756717 0.046153846153846156 0.039081582804103565
0 0.5824175824175825 0.27796775769418663 0.046153846153846156 0.039081582804103565
0 0.10842490842490843 0.3312164142647777 0.046153846153846156 0.039081582804103565
0 0.8278388278388278 0.3390327308255984 0.041025641025641026 0.030776746458231558
0 0.2652014652014652 0.2828529555446996 0.046153846153846156 0.039081582804103565
0 0.263003663003663 0.27601367855398146 0.046153846153846156 0.039081582804103565
0 0.15457875457875458 0.5769418661455789 0.046153846153846156 0.039081582804103565
0 0.060805860805860805 0.5642403517342452 0.02783882783882784 0.030776746458231558
0 0.7912087912087912 0.5686370297997069 0.046153846153846156 0.039081582804103565
0 0.7655677655677655 0.6853932584269663 0.046153846153846156 0.039081582804103565
0 0.8505494505494505 0.6853932584269663 0.046153846153846156 0.039081582804103565
0 0.6315018315018315 0.6785539814362481 0.046153846153846156 0.039081582804103565
0 0.5772893772893772 0.6990718124084025 0.046153846153846156 0.039081582804103565
0 0.263003663003663 0.668295065950171 0.046153846153846156 0.039081582804103565