0 0.17399267399267399 0.25634765625 0.028693528693528692 0.02294921875
0 0.8785103785103785 0.14892578125 0.07875457875457875 0.078125
0 0.5506715506715507 0.2138671875 0.043345543345543344 0.03759765625
0 0.3626373626373626 0.26953125 0.043345543345543344 0.03759765625
0 0.5601343101343101 0.335693359375 0.043345543345543344 0.03759765625
0 0.8586691086691086 0.32373046875 0.043345543345543344 0.03759765625
0 0.37637362637362637 0.135986328125 0.043345543345543344 0.03759765625
0 0.10927960927960928 0.25146484375 0.043345543345543344 0.03759765625
0 0.5351037851037851 0.0908203125 0.043345543345543344 0.03759765625
0 0.4481074481074481 0.330078125 0.043345543345543344 0.03759765625
0 0.05647130647130647 0.203125 0.03418803418803419 0.03662109375
0 0.2796092796092796 0.261474609375 0.028693528693528692 0.02294921875
0 0.2606837606837607 0.2958984375 0.028693528693528692 0.02294921875
0 0.1807081807081807 0.28466796875 0.028693528693528692 0.02294921875
0 0.45115995115995117 0.28173828125 0.028693528693528692 0.02294921875