0 0.29583333333333334 0.9583333333333334 0.04833333333333333 0.051666666666666666
0 0.49833333333333335 0.5 0.85 1
0 0.5233333333333333 0.96 0.04833333333333333 0.055
0 0.6183333333333333 0.9233333333333333 0.04666666666666667 0.05333333333333334
0 0.6658333333333334 0.9358333333333333 0.05 0.06666666666666667
0 0.8425 0.8133333333333334 0.14 0.16333333333333333
0 0.4766666666666667 0.9316666666666666 0.05 0.06666666666666667
0 0.6375 0.8416666666666667 0.04 0.041666666666666664
0 0.5108333333333334 0.9233333333333333 0.04 0.041666666666666664
0 0.3858333333333333 0.9766666666666667 0.04833333333333333 0.04666666666666667
0 0.3983333333333333 0.8733333333333333 0.04833333333333333 0.051666666666666666