0 0.3 0.39207650273224043 0.15 0.28415300546448086
0 0.51171875 0.7281420765027322 0.15 0.30327868852459017
0 0.46640625 0.5273224043715847 0.1828125 0.3797814207650273
0 0.61171875 0.5095628415300546 0.0890625 0.1721311475409836
0 0.92734375 0.7540983606557377 0.0890625 0.1721311475409836
0 0.17578125 0.7226775956284153 0.0890625 0.1721311475409836
0 0.33125 0.5642076502732241 0.0890625 0.1721311475409836
0 0.87109375 0.7923497267759563 0.103125 0.23770491803278687
0 0.65625 0.5942622950819673 0.15 0.28415300546448086
0 0.78515625 0.11475409836065574 0.1515625 0.22950819672131148
0 0.4078125 0.2581967213114754 0.1515625 0.30327868852459017
0 0.04609375 0.49453551912568305 0.0921875 0.22950819672131148