0 0.3125 0.33879781420765026 0.1296875 0.25136612021857924
0 0.49140625 0.7281420765027322 0.128125 0.27049180327868855
0 0.4640625 0.51775956284153 0.1546875 0.34153005464480873
0 0.609375 0.5396174863387978 0.0765625 0.15300546448087432
0 0.89921875 0.8674863387978142 0.0765625 0.15300546448087432
0 0.16015625 0.6311475409836066 0.0765625 0.15300546448087432
0 0.32734375 0.51775956284153 0.0765625 0.15300546448087432
0 0.840625 0.8907103825136612 0.084375 0.2185792349726776
0 0.64609375 0.6352459016393442 0.1296875 0.25136612021857924
0 0.81953125 0.16393442622950818 0.1296875 0.2650273224043716
0 0.43046875 0.23633879781420766 0.1296875 0.27049180327868855
0 0.0453125 0.3702185792349727 0.090625 0.20765027322404372