0 0.721875 0.9529411764705882 0.040625 0.07529411764705882
0 0.1328125 0.3176470588235294 0.15 0.2541176470588235
0 0.36796875 0.4764705882352941 0.078125 0.14823529411764705
0 0.209375 0.7235294117647059 0.05625 0.12470588235294118
0 0.46015625 0.3764705882352941 0.10625 0.2541176470588235
0 0.52265625 0.43176470588235294 0.0515625 0.11764705882352941
0 0.46328125 0.5658823529411765 0.075 0.17647058823529413
0 0.453125 0.8270588235294117 0.065625 0.1388235294117647
0 0.51015625 0.76 0.0671875 0.1388235294117647
0 0.59453125 0.8929411764705882 0.0421875 0.08941176470588236
0 0.684375 0.6741176470588235 0.04375 0.0988235294117647
0 0.76015625 0.9105882352941177 0.0328125 0.058823529411764705
0 0.6984375 0.4435294117647059 0.2515625 0.4235294117647059