0 0.43164794007490637 0.5126404494382022 0.07116104868913857 0.06320224719101124
0 0.800561797752809 0.6615168539325843 0.07116104868913857 0.06320224719101124
0 0.5355805243445693 0.6418539325842697 0.05056179775280899 0.05056179775280899
0 0.5889513108614233 0.6242977528089888 0.05056179775280899 0.05056179775280899
0 0.6900749063670412 0.6257022471910112 0.05056179775280899 0.05056179775280899
0 0.20411985018726592 0.5519662921348315 0.05056179775280899 0.05056179775280899
0 0.797752808988764 0.5674157303370787 0.05056179775280899 0.05056179775280899
0 0.300561797752809 0.5070224719101124 0.04681647940074907 0.037921348314606744
0 0.41760299625468167 0.5639044943820225 0.04681647940074907 0.037921348314606744
0 0.550561797752809 0.8328651685393258 0.15730337078651685 0.14185393258426968
0 0.4897003745318352 0.38764044943820225 0.4101123595505618 0.42837078651685395
0 0.6947565543071161 0.6741573033707865 0.07116104868913857 0.06320224719101124
0 0.6385767790262172 0.5203651685393258 0.09176029962546817 0.08567415730337079
0 0.7200374531835206 0.7268258426966292 0.09176029962546817 0.08567415730337079
0 0.2949438202247191 0.7036516853932584 0.07116104868913857 0.06320224719101124
0 0.09644194756554307 0.7134831460674157 0.07116104868913857 0.06320224719101124
0 0.398876404494382 0.6804775280898876 0.07116104868913857 0.06320224719101124
0 0.48408239700374533 0.663623595505618 0.07116104868913857 0.0702247191011236
0 0.3464419475655431 0.6551966292134831 0.07116104868913857 0.06320224719101124