0 0.171875 0.58 0.3046875 0.5764705882352941
0 0.5046875 0.3 0.1953125 0.3552941176470588
0 0.64296875 0.11176470588235295 0.0359375 0.07058823529411765
0 0.80078125 0.6941176470588235 0.271875 0.5058823529411764
0 0.578125 0.3552941176470588 0.025 0.05176470588235294
0 0.59921875 0.24588235294117647 0.015625 0.03764705882352941
0 0.871875 0.2917647058823529 0.0125 0.02588235294117647
0 0.884375 0.3176470588235294 0.01875 0.03764705882352941
0 0.746875 0.2611764705882353 0.0140625 0.021176470588235293
0 0.75859375 0.26941176470588235 0.009375 0.01411764705882353
0 0.75625 0.28941176470588237 0.0140625 0.021176470588235293
0 0.73671875 0.34941176470588237 0.0140625 0.021176470588235293
0 0.70625 0.29764705882352943 0.0140625 0.021176470588235293
0 0.69609375 0.3235294117647059 0.0140625 0.023529411764705882
0 0.86015625 0.3517647058823529 0.0203125 0.03529411764705882