0 0.20727272727272728 0.4808743169398907 0.41454545454545455 0.8087431693989071
0 0.49818181818181817 0.16120218579234974 0.05454545454545454 0.07650273224043716
0 0.44181818181818183 0.27595628415300544 0.05454545454545454 0.10382513661202186
0 0.4018181818181818 0.5 0.21454545454545454 0.4262295081967213
0 0.4163636363636364 0.7021857923497268 0.09818181818181818 0.16939890710382513
0 0.38545454545454544 0.773224043715847 0.08 0.10382513661202186
0 0.034545454545454546 0.5655737704918032 0.03636363636363636 0.12021857923497267
0 0.09818181818181818 0.6557377049180327 0.04363636363636364 0.10382513661202186
0 0.012727272727272728 0.6994535519125683 0.014545454545454545 0.08743169398907104
0 0.5490909090909091 0.7240437158469946 0.12363636363636364 0.2786885245901639
0 0.5909090909090909 0.5792349726775956 0.04727272727272727 0.06557377049180328
0 0.5163636363636364 0.4644808743169399 0.04363636363636364 0.07650273224043716
0 0.5709090909090909 0.4098360655737705 0.06181818181818182 0.13114754098360656
0 0.6581818181818182 0.37158469945355194 0.03272727272727273 0.060109289617486336
0 0.7127272727272728 0.17486338797814208 0.05090909090909091 0.10382513661202186
0 0.7781818181818182 0.09289617486338798 0.15272727272727274 0.18579234972677597
0 0.8145454545454546 0.40437158469945356 0.2509090909090909 0.4644808743169399
0 0.6727272727272727 0.5163934426229508 0.12363636363636364 0.28415300546448086
0 0.8181818181818182 0.6420765027322405 0.09818181818181818 0.15300546448087432
0 0.8963636363636364 0.6721311475409836 0.09090909090909091 0.1366120218579235
0 0.9054545454545454 0.5163934426229508 0.11272727272727273 0.2185792349726776
0 0.9672727272727273 0.7814207650273224 0.03272727272727273 0.06557377049180328
0 0.8145454545454546 0.8633879781420765 0.025454545454545455 0.0546448087431694
0 0.8036363636363636 0.8907103825136612 0.03636363636363636 0.0546448087431694
0 0.7872727272727272 0.8060109289617486 0.02181818181818182 0.03825136612021858
0 0.769090909090909 0.819672131147541 0.025454545454545455 0.0546448087431694
0 0.730909090909091 0.8333333333333334 0.04727272727272727 0.10382513661202186
0 0.6781818181818182 0.7786885245901639 0.03272727272727273 0.0546448087431694
0 0.7327272727272728 0.6366120218579235 0.03272727272727273 0.06557377049180328
0 0.1690909090909091 0.7568306010928961 0.07272727272727272 0.16393442622950818