0 0.6996141479099679 0.7204938271604938 0.07286173633440514 0.1639506172839506
0 0.904855305466238 0.7426543209876544 0.06530546623794212 0.15432098765432098
0 0.9510610932475884 0.5883333333333334 0.08138263665594855 0.18518518518518517
0 0.4612218649517685 0.9195679012345679 0.07234726688102894 0.1608641975308642
0 0.6503858520900322 0.9349999999999999 0.07286173633440514 0.13
0 0.267524115755627 0.8559876543209876 0.04270096463022508 0.10703703703703704
0 0.825209003215434 0.2961111111111111 0.23864951768488746 0.5922222222222222
0 0.4306109324758842 0.797716049382716 0.033601286173633435 0.07901234567901234
0 0.4825723472668811 0.7643827160493827 0.041704180064308684 0.10512345679012347
0 0.5898392282958199 0.5507407407407408 0.04221864951768489 0.10611111111111111
0 0.5079421221864951 0.44320987654320987 0.03517684887459807 0.06845679012345679
0 0.5492282958199357 0.8991975308641974 0.06684887459807073 0.1585185185185185
0 0.557427652733119 0.9446296296296296 0.05877813504823152 0.11074074074074075
0 0.6572025723472669 0.8106790123456791 0.03446945337620579 0.08364197530864198
0 0.5044372990353697 0.9296296296296296 0.034919614147909964 0.09592592592592591
0 0.5873633440514469 0.9234567901234567 0.05443729903536977 0.12191358024691358