0 0.6881028938906752 0.7530864197530864 0.08038585209003216 0.1728395061728395
0 0.8922829581993569 0.808641975308642 0.0707395498392283 0.16666666666666666
0 0.9453376205787781 0.6635802469135802 0.09003215434083602 0.19753086419753085
0 0.44212218649517687 0.9104938271604939 0.08038585209003216 0.1728395061728395
0 0.6302250803858521 0.9444444444444444 0.07717041800643087 0.1111111111111111
0 0.25241157556270094 0.8148148148148148 0.04823151125401929 0.1111111111111111
0 0.8327974276527331 0.35185185185185186 0.26366559485530544 0.6296296296296297
0 0.4180064308681672 0.7839506172839507 0.03858520900321544 0.08641975308641975
0 0.47106109324758844 0.7592592592592593 0.04501607717041801 0.1111111111111111
0 0.5868167202572347 0.5648148148148148 0.04823151125401929 0.1111111111111111
0 0.5112540192926045 0.4444444444444444 0.03858520900321544 0.07407407407407407
0 0.5305466237942122 0.9074074074074074 0.07395498392282958 0.16666666666666666
0 0.5369774919614148 0.9475308641975309 0.06430868167202572 0.10493827160493827
0 0.6430868167202572 0.8364197530864198 0.03858520900321544 0.08641975308641975
0 0.4855305466237942 0.9290123456790124 0.03858520900321544 0.09876543209876543
0 0.567524115755627 0.9351851851851852 0.06109324758842444 0.12962962962962962