0 0.02587890625 0.32012987012987015 0.0517578125 0.22077922077922077
0 0.0595703125 0.19545454545454546 0.0341796875 0.04935064935064935
0 0.1318359375 0.38441558441558443 0.1796875 0.2909090909090909
0 0.11181640625 0.5454545454545454 0.0732421875 0.09350649350649351
0 0.20166015625 0.11558441558441558 0.021484375 0.03506493506493506
0 0.3115234375 0.3551948051948052 0.2265625 0.34545454545454546
0 0.4892578125 0.3974025974025974 0.197265625 0.3116883116883117
0 0.7255859375 0.39090909090909093 0.2236328125 0.33246753246753247
0 0.6474609375 0.19415584415584416 0.048828125 0.06883116883116883
0 0.7119140625 0.121 0.169921875 0.22077922077922077
0 0.7734375 0.5272727272727272 0.078125 0.05584415584415584
0 0.8291015625 0.0882987012987013 0.138671875 0.17661038961038963
0 0.80712890625 0.22012987012987012 0.080078125 0.1038961038961039
0 0.86962890625 0.5207792207792208 0.076171875 0.05584415584415584
0 0.98828125 0.43246753246753245 0.0205078125 0.09610389610389611
0 0.2138671875 0.637012987012987 0.2060546875 0.24675324675324675
0 0.20166015625 0.12077922077922078 0.0283203125 0.04155844155844156
0 0.64697265625 0.20194805194805196 0.0498046875 0.09090909090909091
0 0.80615234375 0.21948051948051947 0.078125 0.10649350649350649
0 0.98828125 0.43116883116883115 0.0205078125 0.10649350649350649