0 0.0244140625 0.4090909090909091 0.048828125 0.22857142857142856
0 0.0322265625 0.2798701298701299 0.0390625 0.05584415584415584
0 0.12353515625 0.4538961038961039 0.2080078125 0.3207792207792208
0 0.1201171875 0.6168831168831169 0.08203125 0.10649350649350649
0 0.16455078125 0.17467532467532468 0.025390625 0.03896103896103896
0 0.29833984375 0.39155844155844155 0.2607421875 0.38441558441558443
0 0.478515625 0.40064935064935064 0.2275390625 0.34545454545454546
0 0.7119140625 0.35 0.255859375 0.37012987012987014
0 0.6142578125 0.17012987012987013 0.0556640625 0.07662337662337662
0 0.669921875 0.10519480519480519 0.19140625 0.21038961038961038
0 0.7734375 0.4766233766233766 0.0830078125 0.07012987012987013
0 0.7822265625 0.06558441558441558 0.15625 0.13116883116883116
0 0.77490234375 0.16623376623376623 0.08984375 0.11818181818181818
0 0.8681640625 0.45194805194805193 0.0810546875 0.06883116883116883
0 0.9765625 0.34285714285714286 0.0302734375 0.0987012987012987
0 0.23095703125 0.688961038961039 0.2294921875 0.2831168831168831
0 0.1650390625 0.17987012987012987 0.0322265625 0.046753246753246755
0 0.6142578125 0.17792207792207793 0.05859375 0.0987012987012987
0 0.77392578125 0.16558441558441558 0.0888671875 0.11948051948051948
0 0.9765625 0.34155844155844156 0.03125 0.10909090909090909