0 0.5989583333333334 0.3427734375 0.109375 0.095703125
0 0.07747395833333333 0.8212890625 0.024739583333333332 0.0224609375
0 0.388671875 0.73388671875 0.04296875 0.0390625
0 0.421875 0.7763671875 0.06380208333333333 0.046875
0 0.3984375 0.65869140625 0.016927083333333332 0.0146484375
0 0.4446614583333333 0.66796875 0.014322916666666666 0.015625
0 0.474609375 0.4326171875 0.032552083333333336 0.0302734375
0 0.6197916666666666 0.7177734375 0.03515625 0.0400390625
0 0.6197916666666666 0.4384765625 0.078125 0.0703125
0 0.6666666666666666 0.60693359375 0.022135416666666668 0.0244140625
0 0.8274739583333334 0.21142578125 0.06901041666666667 0.0625