0 0.3109375 0.4450704225352113 0.2140625 0.523943661971831
0 0.19375 0.5647887323943662 0.1609375 0.4028169014084507
0 0.12421875 0.5563380281690141 0.0234375 0.059154929577464786
0 0.06171875 0.7394366197183099 0.0625 0.1352112676056338
0 0.1046875 0.7830985915492957 0.0515625 0.1267605633802817
0 0.05078125 0.3647887323943662 0.0234375 0.04507042253521127
0 0.4546875 0.2 0.028125 0.05070422535211268
0 0.40078125 0.7225352112676057 0.1453125 0.323943661971831
0 0.35859375 0.5732394366197183 0.1078125 0.19436619718309858
0 0.53125 0.6394366197183099 0.1640625 0.4
0 0.584375 0.4169014084507042 0.053125 0.11549295774647887
0 0.68984375 0.2647887323943662 0.11875 0.24788732394366197
0 0.884375 0.20422535211267606 0.03125 0.04507042253521127
0 0.72421875 0.6549295774647887 0.23125 0.532394366197183
0 0.89453125 0.7140845070422536 0.196875 0.5267605633802817