0 0.04443359375 0.3313802083333333 0.0244140625 0.036458333333333336
0 0.0859375 0.26171875 0.0166015625 0.026041666666666668
0 0.08154296875 0.5904947916666666 0.0703125 0.09114583333333333
0 0.10546875 0.400390625 0.0224609375 0.033854166666666664
0 0.12109375 0.3958333333333333 0.0205078125 0.029947916666666668
0 0.20361328125 0.32421875 0.009765625 0.018229166666666668
0 0.2421875 0.3404947916666667 0.033203125 0.045572916666666664
0 0.248046875 0.4303385416666667 0.01953125 0.029947916666666668
0 0.30615234375 0.3111979166666667 0.06640625 0.10416666666666667
0 0.306640625 0.4505208333333333 0.0205078125 0.01953125
0 0.34228515625 0.3893229166666667 0.0107421875 0.013020833333333334
0 0.42822265625 0.109375 0.078125 0.12239583333333333
0 0.39453125 0.3463541666666667 0.0234375 0.0390625
0 0.388671875 0.4049479166666667 0.009765625 0.013020833333333334
0 0.40185546875 0.421875 0.0205078125 0.03515625
0 0.42724609375 0.2955729166666667 0.0146484375 0.0234375
0 0.41796875 0.40234375 0.0068359375 0.014322916666666666
0 0.44384765625 0.4713541666666667 0.0224609375 0.032552083333333336
0 0.478515625 0.3424479166666667 0.0205078125 0.029947916666666668
0 0.4560546875 0.7923177083333334 0.1123046875 0.18880208333333334
0 0.54296875 0.4967447916666667 0.0224609375 0.041666666666666664
0 0.5869140625 0.38671875 0.013671875 0.01953125
0 0.60400390625 0.4576822916666667 0.0146484375 0.022135416666666668
0 0.73388671875 0.4049479166666667 0.0107421875 0.015625
0 0.78076171875 0.4303385416666667 0.03125 0.046875