0 0.209375 0.5895522388059702 0.0484375 0.1417910447761194
0 0.21796875 0.707089552238806 0.0296875 0.08955223880597014
0 0.23984375 0.7238805970149254 0.040625 0.11940298507462686
0 0.2875 0.7014925373134329 0.0578125 0.15671641791044777
0 0.19140625 0.5111940298507462 0.025 0.06716417910447761
0 0.21640625 0.4925373134328358 0.0328125 0.09701492537313433
0 0.26328125 0.5223880597014925 0.0328125 0.07835820895522388
0 0.28125 0.24813432835820895 0.0421875 0.08582089552238806
0 0.35546875 0.3824626865671642 0.0265625 0.07462686567164178
0 0.3390625 0.5167910447761194 0.034375 0.08208955223880597
0 0.38046875 0.416044776119403 0.028125 0.08582089552238806
0 0.3796875 0.4123134328358209 0.0265625 0.07462686567164178
0 0.4078125 0.45149253731343286 0.0265625 0.07462686567164178
0 0.4171875 0.2555970149253731 0.0265625 0.07462686567164178
0 0.4109375 0.09328358208955224 0.0265625 0.06716417910447761
0 0.33515625 0.1417910447761194 0.0984375 0.16791044776119404
0 0.4859375 0.1455223880597015 0.0234375 0.05970149253731343
0 0.45625 0.26492537313432835 0.0421875 0.11567164179104478
0 0.4140625 0.7052238805970149 0.08125 0.2462686567164179
0 0.54453125 0.7257462686567164 0.1015625 0.291044776119403
0 0.640625 0.5559701492537313 0.0609375 0.16044776119402984
0 0.72734375 0.458955223880597 0.0328125 0.09328358208955224
0 0.834375 0.3376865671641791 0.0734375 0.20522388059701493
0 0.84453125 0.2126865671641791 0.025 0.055970149253731345
0 0.92578125 0.2462686567164179 0.13125 0.41044776119402987
0 0.58671875 0.18470149253731344 0.0296875 0.08208955223880597
0 0.5296875 0.23880597014925373 0.0296875 0.08208955223880597
0 0.475 0.44776119402985076 0.0296875 0.08955223880597014
0 0.36328125 0.6697761194029851 0.0671875 0.1828358208955224
0 0.578125 0.42723880597014924 0.0609375 0.16044776119402984
0 0.65390625 0.3283582089552239 0.021875 0.055970149253731345
0 0.80390625 0.041044776119402986 0.0546875 0.08208955223880597
0 0.86328125 0.7388059701492538 0.20625 0.26492537313432835