0 0.03515625 0.4756380510440835 0.0703125 0.3248259860788863
0 0.49765625 0.45707656612529 0.034375 0.060324825986078884
0 0.28671875 0.8283062645011601 0.0640625 0.10904872389791183
0 0.44375 0.7412993039443155 0.0359375 0.06728538283062645
0 0.58671875 0.5220417633410673 0.05 0.08352668213457076
0 0.715625 0.6334106728538283 0.1078125 0.18561484918793503
0 0.675 0.7111368909512761 0.0390625 0.05568445475638051
0 0.4875 0.8433874709976799 0.090625 0.1554524361948956
0 0.52578125 0.834106728538283 0.040625 0.06728538283062645
0 0.57265625 0.8051044083526682 0.06875 0.13225058004640372
0 0.58515625 0.8433874709976799 0.0734375 0.1345707656612529
0 0.6765625 0.820185614849188 0.1 0.16009280742459397
0 0.8109375 0.26450116009280744 0.28125 0.5290023201856149
0 0.559375 0.024361948955916472 0.05625 0.048723897911832945
0 0.953125 0.4709976798143852 0.09375 0.1902552204176334
0 0.93203125 0.5939675174013921 0.08125 0.15777262180974477