0 0.0205078125 0.8538461538461538 0.009765625 0.019580419580419582
0 0.0244140625 0.8272727272727273 0.021484375 0.044755244755244755
0 0.0263671875 0.7615384615384615 0.0322265625 0.06433566433566433
0 0.0673828125 0.8615384615384616 0.0634765625 0.0937062937062937
0 0.07861328125 0.11118881118881119 0.06640625 0.0993006993006993
0 0.11279296875 0.8832167832167832 0.0390625 0.055944055944055944
0 0.162109375 0.8272727272727273 0.0498046875 0.08251748251748252
0 0.1865234375 0.4461538461538462 0.1279296875 0.2055944055944056
0 0.1689453125 0.8888111888111888 0.01953125 0.03076923076923077
0 0.2021484375 0.7132867132867133 0.02734375 0.03636363636363636
0 0.232421875 0.8496503496503497 0.0263671875 0.04195804195804196
0 0.2431640625 0.8811188811188811 0.0224609375 0.03776223776223776
0 0.279296875 0.033566433566433566 0.0400390625 0.02937062937062937
0 0.33642578125 0.8328671328671329 0.0341796875 0.04895104895104895
0 0.3369140625 0.793006993006993 0.037109375 0.06153846153846154
0 0.36474609375 0.8601398601398601 0.0205078125 0.027972027972027972
0 0.38720703125 0.8573426573426574 0.033203125 0.046153846153846156
0 0.4306640625 0.2755244755244755 0.173828125 0.2755244755244755
0 0.40673828125 0.7475524475524475 0.056640625 0.08811188811188811
0 0.40673828125 0.8699300699300699 0.021484375 0.025174825174825177
0 0.4091796875 0.8314685314685315 0.0244140625 0.043356643356643354
0 0.4267578125 0.8503496503496504 0.0302734375 0.05314685314685315
0 0.44189453125 0.8258741258741259 0.046875 0.06573426573426573
0 0.4560546875 0.8475524475524475 0.0234375 0.03636363636363636
0 0.46484375 0.7055944055944056 0.0263671875 0.04195804195804196
0 0.47509765625 0.7482517482517482 0.037109375 0.055944055944055944
0 0.47900390625 0.5741258741258741 0.04296875 0.06713286713286713
0 0.51025390625 0.6916083916083916 0.021484375 0.032167832167832165
0 0.5595703125 0.16293706293706295 0.177734375 0.28251748251748254
0 0.58056640625 0.8517482517482518 0.0244140625 0.033566433566433566
0 0.595703125 0.7377622377622378 0.052734375 0.07972027972027972
0 0.587890625 0.7020979020979021 0.021484375 0.022377622377622378
0 0.64697265625 0.8335664335664336 0.03515625 0.05034965034965035
0 0.64990234375 0.8020979020979021 0.044921875 0.05874125874125874
0 0.6689453125 0.772027972027972 0.0234375 0.03776223776223776
0 0.697265625 0.18181818181818182 0.146484375 0.24195804195804196
0 0.71435546875 0.762937062937063 0.0517578125 0.08391608391608392
0 0.783203125 0.22587412587412586 0.0869140625 0.13426573426573427
0 0.79296875 0.34895104895104895 0.080078125 0.11888111888111888
0 0.98193359375 0.46153846153846156 0.0361328125 0.1062937062937063
0 0.23193359375 0.8818181818181818 0.0068359375 0.026573426573426574
0 0.47998046875 0.5797202797202797 0.04296875 0.07552447552447553
0 0.5595703125 0.8615384615384616 0.0166015625 0.022377622377622378
0 0.673828125 0.8244755244755245 0.0263671875 0.055944055944055944