0 0.00439453125 0.8048951048951049 0.0087890625 0.01818181818181818
0 0.009765625 0.779020979020979 0.01953125 0.043356643356643354
0 0.0146484375 0.7132867132867133 0.029296875 0.06153846153846154
0 0.05078125 0.8174825174825174 0.0595703125 0.08811188811188811
0 0.0986328125 0.06993006993006994 0.0615234375 0.0937062937062937
0 0.09521484375 0.8433566433566434 0.037109375 0.05174825174825175
0 0.14697265625 0.793006993006993 0.0458984375 0.07832167832167833
0 0.18994140625 0.41468531468531467 0.119140625 0.1944055944055944
0 0.15087890625 0.8545454545454545 0.0185546875 0.02937062937062937
0 0.1923828125 0.6832167832167833 0.025390625 0.033566433566433566
0 0.2158203125 0.8223776223776224 0.0244140625 0.039160839160839164
0 0.22509765625 0.8545454545454545 0.0205078125 0.03636363636363636
0 0.302734375 0.012587412587412588 0.0390625 0.025174825174825177
0 0.32080078125 0.8160839160839161 0.0322265625 0.046153846153846156
0 0.3232421875 0.7762237762237763 0.0341796875 0.05874125874125874
0 0.34765625 0.8454545454545455 0.01953125 0.026573426573426574
0 0.3701171875 0.8454545454545455 0.03125 0.043356643356643354
0 0.44189453125 0.2692307692307692 0.1611328125 0.2601398601398601
0 0.39501953125 0.7377622377622378 0.052734375 0.08251748251748252
0 0.38916015625 0.8594405594405594 0.0205078125 0.023776223776223775
0 0.39306640625 0.8216783216783217 0.0224609375 0.04055944055944056
0 0.40966796875 0.8419580419580419 0.0283203125 0.05034965034965035
0 0.42626953125 0.8195804195804196 0.0439453125 0.06153846153846154
0 0.439453125 0.8426573426573427 0.021484375 0.03496503496503497
0 0.455078125 0.7013986013986014 0.0244140625 0.039160839160839164
0 0.462890625 0.7454545454545455 0.0341796875 0.05314685314685315
0 0.4755859375 0.5720279720279721 0.0400390625 0.06293706293706294
0 0.5009765625 0.6923076923076923 0.0205078125 0.03076923076923077
0 0.57568359375 0.16993006993006993 0.1650390625 0.26713286713286716
0 0.5634765625 0.8587412587412587 0.0234375 0.03076923076923077
0 0.583984375 0.7468531468531469 0.048828125 0.07552447552447553
0 0.57763671875 0.7104895104895105 0.0205078125 0.02097902097902098
0 0.63037109375 0.8475524475524475 0.033203125 0.04755244755244755
0 0.634765625 0.8160839160839161 0.0419921875 0.05454545454545454
0 0.6552734375 0.7881118881118881 0.021484375 0.03636363636363636
0 0.71240234375 0.2020979020979021 0.1357421875 0.22937062937062938
0 0.701171875 0.7839160839160839 0.0478515625 0.07972027972027972
0 0.7958984375 0.2545454545454545 0.0810546875 0.1258741258741259
0 0.7998046875 0.37832167832167835 0.0751953125 0.11188811188811189
0 0.98291015625 0.5104895104895105 0.0322265625 0.1034965034965035
0 0.2138671875 0.8538461538461538 0.005859375 0.026573426573426574
0 0.47607421875 0.5776223776223777 0.0400390625 0.07132867132867132
0 0.5419921875 0.8664335664335664 0.015625 0.02097902097902098
0 0.65755859375 0.8412867132867132 0.02349609375 0.053132867132867134