0 0.07265625 0.3458333333333333 0.075 0.13055555555555556
0 0.30390625 0.49444444444444446 0.0515625 0.09444444444444444
0 0.365625 0.5055555555555555 0.034375 0.06666666666666667
0 0.446875 0.2777777777777778 0.0453125 0.09444444444444444
0 0.51953125 0.23055555555555557 0.0484375 0.08888888888888889
0 0.553125 0.26805555555555555 0.0453125 0.08888888888888889
0 0.53984375 0.2986111111111111 0.028125 0.058333333333333334
0 0.44609375 0.44305555555555554 0.021875 0.05555555555555555
0 0.453125 0.4236111111111111 0.0421875 0.075
0 0.48203125 0.4013888888888889 0.0375 0.08333333333333333
0 0.52578125 0.40694444444444444 0.034375 0.06944444444444445
0 0.590625 0.32083333333333336 0.04375 0.08611111111111111
0 0.64921875 0.30972222222222223 0.0375 0.06666666666666667
0 0.70390625 0.20833333333333334 0.0828125 0.1388888888888889
0 0.91015625 0.07916666666666666 0.0890625 0.1527777777777778