0 0.75234375 0.7611386138613861 0.0203125 0.04455445544554455
0 0.3890625 0.4863861386138614 0.5484375 0.9554455445544554
0 0.08125 0.5606435643564357 0.0875 0.16584158415841585
0 0.028125 0.6732673267326733 0.0546875 0.15099009900990099
0 0.18359375 0.870049504950495 0.0390625 0.06930693069306931
0 0.2375 0.9183168316831684 0.034375 0.0594059405940594
0 0.20859375 0.7165841584158416 0.028125 0.05198019801980198
0 0.1234375 0.681930693069307 0.01875 0.03712871287128713
0 0.10703125 0.8626237623762376 0.0265625 0.04702970297029703
0 0.01484375 0.8341584158415841 0.0234375 0.04702970297029703
0 0.49609375 0.823019801980198 0.040625 0.06930693069306931
0 0.896875 0.681930693069307 0.0375 0.06188118811881188
0 0.740625 0.31435643564356436 0.2859375 0.5717821782178217
0 0.63515625 0.5482673267326733 0.0359375 0.07673267326732673
0 0.68671875 0.5779702970297029 0.0375 0.08663366336633663
0 0.75703125 0.5482673267326733 0.04375 0.08663366336633663
0 0.9234375 0.2784653465346535 0.0375 0.07673267326732673
0 0.95703125 0.7339108910891089 0.0234375 0.04207920792079208
0 0.74921875 0.8601485148514851 0.01875 0.03712871287128713
0 0.72109375 0.6745049504950495 0.0203125 0.04702970297029703
0 0.8265625 0.7772277227722773 0.01875 0.03712871287128713
0 0.82890625 0.9715346534653465 0.0515625 0.03712871287128713
0 0.85 0.9344059405940595 0.021875 0.034653465346534656
0 0.63359375 0.9665841584158416 0.0609375 0.04702970297029703
0 0.46015625 0.9826732673267327 0.0765625 0.0297029702970297
0 0.13828125 0.9715346534653465 0.065625 0.04702970297029703