0 0.73671875 0.7945544554455446 0.0234375 0.04702970297029703
0 0.38984375 0.49257425742574257 0.5984375 0.9851485148514851
0 0.0796875 0.5024752475247525 0.096875 0.1782178217821782
0 0.02578125 0.6064356435643564 0.0515625 0.15841584158415842
0 0.1640625 0.8254950495049505 0.0421875 0.07425742574257425
0 0.215625 0.879950495049505 0.0375 0.06435643564356436
0 0.19765625 0.6757425742574258 0.03125 0.054455445544554455
0 0.11484375 0.6287128712871287 0.0203125 0.039603960396039604
0 0.08828125 0.806930693069307 0.0296875 0.04950495049504951
0 0.00546875 0.7648514851485149 0.0109375 0.04950495049504951
0 0.478125 0.8217821782178217 0.04375 0.07425742574257425
0 0.88515625 0.7363861386138614 0.040625 0.06683168316831684
0 0.75 0.34777227722772275 0.315625 0.6089108910891089
0 0.63203125 0.5668316831683168 0.040625 0.08168316831683169
0 0.68203125 0.6039603960396039 0.0421875 0.09158415841584158
0 0.753125 0.5841584158415841 0.0484375 0.09158415841584158
0 0.934375 0.3378712871287129 0.0421875 0.08168316831683169
0 0.9421875 0.7957920792079208 0.025 0.04455445544554455
0 0.728125 0.8935643564356436 0.0203125 0.039603960396039604
0 0.7109375 0.7042079207920792 0.0234375 0.04950495049504951
0 0.81015625 0.8217821782178217 0.0203125 0.039603960396039604
0 0.825 0.9814356435643564 0.0234375 0.03712871287128713
0 0.60703125 0.9777227722772277 0.0640625 0.04455445544554455
0 0.43359375 0.9752475247524752 0.078125 0.039603960396039604
0 0.1140625 0.9195544554455446 0.0671875 0.05693069306930693