0 0.52734375 0.49270833333333336 0.8796875 0.9854166666666667
0 0.175 0.5010416666666667 0.121875 0.17708333333333334
0 0.31796875 0.47604166666666664 0.1515625 0.24583333333333332
0 0.32109375 0.6333333333333333 0.096875 0.15625
0 0.3921875 0.596875 0.0328125 0.058333333333333334
0 0.265625 0.8447916666666667 0.090625 0.15208333333333332
0 0.1625 0.8729166666666667 0.05625 0.09375
0 0.76875 0.75 0.15 0.1875
0 0.88203125 0.5916666666666667 0.059375 0.08541666666666667
0 0.92890625 0.5802083333333333 0.0953125 0.14583333333333334
0 0.97734375 0.475 0.0453125 0.1
0 0.8921875 0.8114583333333333 0.09375 0.13958333333333334
0 0.89921875 0.7125 0.0453125 0.06458333333333334
0 0.61484375 0.94375 0.0421875 0.06875
0 0.62734375 0.9864583333333333 0.0390625 0.027083333333333334
0 0.65859375 0.9947916666666666 0.0296875 0.010416666666666666
0 0.6640625 0.9489583333333333 0.0203125 0.029166666666666667
0 0.71328125 0.959375 0.0296875 0.04583333333333333
0 0.7296875 0.9677083333333333 0.0234375 0.029166666666666667
0 0.74140625 0.8989583333333333 0.034375 0.058333333333333334
0 0.765625 0.853125 0.0734375 0.09791666666666667
0 0.76796875 0.9958333333333333 0.0265625 0.008333333333333333
0 0.8109375 0.959375 0.059375 0.08125
0 0.8515625 0.9854166666666667 0.059375 0.029166666666666667
0 0.8375 0.95 0.04375 0.07291666666666667
0 0.4296875 0.9760416666666667 0.0375 0.0375
0 0.48125 0.9083333333333333 0.05625 0.06666666666666667
0 0.33671875 0.9604166666666667 0.0375 0.0375
0 0.85078125 0.3416666666666667 0.090625 0.13333333333333333