0 0.1642156862745098 0.35049019607843135 0.1454248366013072 0.27205882352941174
0 0.2908496732026144 0.571078431372549 0.07026143790849673 0.1323529411764706
0 0.3872549019607843 0.5134803921568627 0.09967320261437909 0.19607843137254902
0 0.5155228758169934 0.6299019607843137 0.049019607843137254 0.09068627450980392
0 0.5890522875816994 0.6127450980392157 0.0457516339869281 0.08088235294117647
0 0.6919934640522876 0.5612745098039216 0.09477124183006536 0.1715686274509804
0 0.7647058823529411 0.6715686274509803 0.058823529411764705 0.10784313725490197
0 0.8447712418300654 0.5821078431372549 0.0915032679738562 0.17401960784313725
0 0.8284313725490197 0.7377450980392157 0.06535947712418301 0.10784313725490197
0 0.9468954248366013 0.5208333333333334 0.07026143790849673 0.12990196078431374
0 0.880718954248366 0.6299019607843137 0.03594771241830065 0.06862745098039216
0 0.6936274509803921 0.21200980392156862 0.19281045751633988 0.3480392156862745