0 0.3015625 0.44583333333333336 0.0234375 0.058333333333333334
0 0.06484375 0.7930555555555555 0.04375 0.08333333333333333
0 0.3140625 0.7805555555555556 0.04375 0.08333333333333333
0 0.70859375 0.7208333333333333 0.0375 0.09444444444444444
0 0.76796875 0.6875 0.059375 0.125
0 0.125 0.7861111111111111 0.034375 0.05555555555555555
0 0.20078125 0.36666666666666664 0.0203125 0.041666666666666664
0 0.390625 0.6902777777777778 0.153125 0.3611111111111111
0 0.8328125 0.22916666666666666 0.2171875 0.4222222222222222
0 0.86953125 0.5541666666666667 0.0421875 0.09722222222222222
0 0.825 0.7583333333333333 0.0359375 0.09166666666666666
0 0.859375 0.7402777777777778 0.025 0.07777777777777778
0 0.4765625 0.44722222222222224 0.0390625 0.07777777777777778
0 0.2328125 0.6194444444444445 0.01875 0.04722222222222222
0 0.2234375 0.7902777777777777 0.0234375 0.044444444444444446
0 0.34375 0.4513888888888889 0.0203125 0.041666666666666664
0 0.45859375 0.18055555555555555 0.0265625 0.05555555555555555
0 0.5609375 0.3972222222222222 0.0265625 0.05555555555555555
0 0.6890625 0.5305555555555556 0.0203125 0.05277777777777778
0 0.684375 0.4083333333333333 0.0203125 0.044444444444444446
0 0.484375 0.6041666666666666 0.0140625 0.04722222222222222
0 0.525 0.6875 0.0328125 0.06111111111111111