0 0.30546875 0.4097222222222222 0.0265625 0.06111111111111111
0 0.05 0.7111111111111111 0.0484375 0.09166666666666666
0 0.2984375 0.7444444444444445 0.0484375 0.09166666666666666
0 0.69453125 0.7583333333333333 0.0421875 0.1
0 0.75546875 0.7361111111111112 0.065625 0.1361111111111111
0 0.11015625 0.7152777777777778 0.0375 0.06111111111111111
0 0.21015625 0.3111111111111111 0.021875 0.044444444444444446
0 0.3796875 0.6694444444444444 0.1734375 0.3888888888888889
0 0.846875 0.29305555555555557 0.240625 0.46111111111111114
0 0.8640625 0.6222222222222222 0.0484375 0.10555555555555556
0 0.8078125 0.8166666666666667 0.040625 0.09722222222222222
0 0.84296875 0.8055555555555556 0.0296875 0.08333333333333333
0 0.4796875 0.44305555555555554 0.04375 0.08333333333333333
0 0.22734375 0.5694444444444444 0.021875 0.05
0 0.2078125 0.7375 0.0265625 0.04722222222222222
0 0.34765625 0.4222222222222222 0.021875 0.044444444444444446
0 0.47734375 0.175 0.0296875 0.06111111111111111
0 0.56640625 0.4097222222222222 0.0296875 0.06111111111111111
0 0.6859375 0.5652777777777778 0.0234375 0.05555555555555555
0 0.6890625 0.44305555555555554 0.0234375 0.04722222222222222
0 0.478125 0.6 0.0171875 0.05
0 0.5140625 0.6916666666666667 0.0359375 0.06666666666666667