0 0.4267578125 0.4574780058651026 0.548828125 0.9149560117302052
0 0.1474609375 0.07917888563049853 0.05078125 0.08211143695014662
0 0.115234375 0.41348973607038125 0.044921875 0.08504398826979472
0 0.0107421875 0.8020527859237536 0.021484375 0.09090909090909091
0 0.0966796875 0.8211143695014663 0.046875 0.07917888563049853
0 0.2998046875 0.8284457478005866 0.04296875 0.07624633431085044
0 0.2763671875 0.5586510263929618 0.048828125 0.08797653958944282
0 0.638671875 0.6231671554252199 0.044921875 0.08504398826979472
0 0.599609375 0.7082111436950147 0.046875 0.07331378299120235
0 0.6357421875 0.7844574780058651 0.0546875 0.09090909090909091
0 0.6728515625 0.6862170087976539 0.03515625 0.05571847507331378
0 0.6787109375 0.6114369501466276 0.048828125 0.07917888563049853
0 0.744140625 0.6979472140762464 0.03515625 0.06158357771260997
0 0.9208984375 0.5879765395894428 0.04296875 0.06451612903225806
0 0.9375 0.7888563049853372 0.03125 0.06158357771260997
0 0.96875 0.7712609970674487 0.017578125 0.05571847507331378
0 0.8955078125 0.9912023460410557 0.041015625 0.017595307917888565
0 0.501953125 0.9266862170087976 0.08984375 0.1466275659824047
0 0.431640625 0.9149560117302052 0.095703125 0.14076246334310852
0 0.4208984375 0.8856304985337243 0.109375 0.17595307917888564