0 0.2015625 0.058333333333333334 0.0296875 0.05
0 0.23359375 0.06 0.0328125 0.05
0 0.271875 0.635 0.53125 0.73
0 0.55 0.785 0.040625 0.11
0 0.58203125 0.9133333333333333 0.078125 0.16333333333333333
0 0.6171875 0.84 0.0359375 0.09666666666666666
0 0.49375 0.31666666666666665 0.0296875 0.06333333333333334
0 0.7640625 0.5366666666666666 0.05 0.1
0 0.6890625 0.5383333333333333 0.0375 0.07333333333333333
0 0.69140625 0.4683333333333333 0.0375 0.07666666666666666
0 0.5796875 0.5833333333333334 0.028125 0.07333333333333333
0 0.68984375 0.25333333333333335 0.159375 0.31666666666666665