0 0.29375 0.43333333333333335 0.1046875 0.2596491228070175
0 0.09296875 0.021052631578947368 0.0640625 0.042105263157894736
0 0.05703125 0.11228070175438597 0.046875 0.10175438596491228
0 0.1546875 0.021052631578947368 0.053125 0.042105263157894736
0 0.22734375 0.06842105263157895 0.0640625 0.1368421052631579
0 0.4515625 0.12456140350877193 0.0296875 0.07368421052631578
0 0.5890625 0.45087719298245615 0.025 0.056140350877192984
0 0.54453125 0.4964912280701754 0.0265625 0.07017543859649122
0 0.5546875 0.44035087719298244 0.0265625 0.07017543859649122
0 0.834375 0.5789473684210527 0.0203125 0.05263157894736842
0 0.46796875 0.4105263157894737 0.034375 0.08771929824561403
0 0.48125 0.4 0.028125 0.07368421052631578