0 0.82080078125 0.6675170068027211 0.28125 0.5510204081632653
0 0.10986328125 0.8928571428571429 0.1787109375 0.21428571428571427
0 0.05908203125 0.7789115646258503 0.01171875 0.022108843537414966
0 0.078125 0.6301020408163265 0.0595703125 0.1292517006802721
0 0.10107421875 0.21173469387755103 0.1181640625 0.18027210884353742
0 0.16015625 0.34778911564625853 0.15234375 0.3129251700680272
0 0.3623046875 0.8214285714285714 0.197265625 0.35714285714285715
0 0.373046875 0.41581632653061223 0.1923828125 0.38095238095238093
0 0.513671875 0.7414965986394558 0.294921875 0.5170068027210885
0 0.4814453125 0.28656462585034015 0.1396484375 0.28061224489795916
0 0.8583984375 0.17687074829931973 0.224609375 0.35374149659863946