0 0.125 0.4364224137931034 0.234375 0.5818965517241379
0 0.14013671875 0.6185344827586207 0.1025390625 0.2478448275862069
0 0.19287109375 0.6853448275862069 0.1298828125 0.21982758620689655
0 0.24951171875 0.677801724137931 0.0693359375 0.14224137931034483
0 0.31201171875 0.7370689655172413 0.13671875 0.22413793103448276
0 0.3759765625 0.6056034482758621 0.126953125 0.32112068965517243
0 0.39013671875 0.7758620689655172 0.087890625 0.1853448275862069
0 0.44091796875 0.8135775862068966 0.1376953125 0.2478448275862069
0 0.5302734375 0.5657327586206896 0.2939453125 0.7543103448275862
0 0.4443359375 0.7165948275862069 0.0390625 0.04741379310344827
0 0.70849609375 0.7887931034482759 0.4443359375 0.4224137931034483
0 0.81005859375 0.6217672413793104 0.3330078125 0.7564655172413793
0 0.83642578125 0.9493534482758621 0.0498046875 0.09913793103448276
0 0.8671875 0.9601293103448276 0.10546875 0.07974137931034483