0 0.13037109375 0.6530172413793104 0.2021484375 0.5280172413793104
0 0.16650390625 0.8200431034482759 0.0888671875 0.22198275862068967
0 0.22509765625 0.8545258620689655 0.1201171875 0.18318965517241378
0 0.27880859375 0.8146551724137931 0.0625 0.125
0 0.34619140625 0.8362068965517241 0.126953125 0.1853448275862069
0 0.392578125 0.6734913793103449 0.109375 0.29094827586206895
0 0.42626953125 0.8286637931034483 0.0791015625 0.16379310344827586
0 0.4794921875 0.8372844827586207 0.126953125 0.20905172413793102
0 0.53662109375 0.5463362068965517 0.2529296875 0.6853448275862069
0 0.4716796875 0.740301724137931 0.0380859375 0.034482758620689655
0 0.744140625 0.7262931034482759 0.4267578125 0.4245689655172414
0 0.814453125 0.44073275862068967 0.29296875 0.6745689655172413
0 0.8779296875 0.7424568965517241 0.044921875 0.08620689655172414
0 0.91552734375 0.7855603448275862 0.0966796875 0.15732758620689655