0 0.3302752293577982 0.5309278350515464 0.08256880733944955 0.12371134020618557
0 0.12041284403669725 0.41580756013745707 0.04357798165137615 0.07216494845360824
0 0.19495412844036697 0.5292096219931272 0.04357798165137615 0.06872852233676977
0 0.09059633027522936 0.4690721649484536 0.03669724770642202 0.061855670103092786
0 0.0194954128440367 0.5137457044673539 0.02981651376146789 0.048109965635738834
0 0.21444954128440366 0.1958762886597938 0.027522935779816515 0.054982817869415807
0 0.2098623853211009 0.41580756013745707 0.0389908256880734 0.058419243986254296
0 0.30619266055045874 0.37800687285223367 0.03669724770642202 0.06529209621993128
0 0.4036697247706422 0.49828178694158076 0.05733944954128441 0.12027491408934708
0 0.3761467889908257 0.570446735395189 0.04357798165137615 0.07903780068728522
0 0.4461009174311927 0.4415807560137457 0.03669724770642202 0.06872852233676977
0 0.536697247706422 0.28350515463917525 0.034403669724770644 0.06529209621993128
0 0.676605504587156 0.4639175257731959 0.045871559633027525 0.07903780068728522
0 0.6399082568807339 0.5549828178694158 0.05963302752293578 0.09278350515463918
0 0.893348623853211 0.5378006872852233 0.052752293577981654 0.07216494845360824
0 0.8681192660550459 0.5601374570446735 0.03669724770642202 0.061855670103092786