0 0.5 0.45618556701030927 0.09266409266409266 0.13402061855670103
0 0.5231660231660231 0.13144329896907217 0.06177606177606178 0.06701030927835051
0 0.5579150579150579 0.041237113402061855 0.04247104247104247 0.08247422680412371
0 0.6776061776061776 0.3247422680412371 0.07722007722007722 0.10824742268041238
0 0.581081081081081 0.29381443298969073 0.0694980694980695 0.10824742268041238
0 0.32432432432432434 0.20876288659793815 0.0888030888030888 0.13402061855670103
0 0.40733590733590735 0.19845360824742267 0.05791505791505792 0.10309278350515463
0 0.23552123552123552 0.06701030927835051 0.11969111969111969 0.08762886597938144
0 0.04826254826254826 0.19072164948453607 0.09652509652509653 0.29896907216494845
0 0.6640926640926641 0.07731958762886598 0.06563706563706563 0.07216494845360824
0 0.17953667953667954 0.47164948453608246 0.05405405405405406 0.07216494845360824
0 0.055984555984555984 0.4793814432989691 0.08494208494208494 0.10824742268041238
0 0.13320463320463322 0.06701030927835051 0.04247104247104247 0.07216494845360824
0 0.138996138996139 0.16237113402061856 0.019305019305019305 0.04639175257731959
0 0.19305019305019305 0.15979381443298968 0.03861003861003861 0.06701030927835051
0 0.6583011583011583 0.5567010309278351 0.04633204633204633 0.06701030927835051
0 0.7142857142857143 0.5515463917525774 0.05405405405405406 0.0979381443298969
0 0.11969111969111969 0.38917525773195877 0.023166023166023165 0.03608247422680412
0 0.18725868725868725 0.3556701030927835 0.019305019305019305 0.020618556701030927
0 0.03474903474903475 0.31443298969072164 0.03088803088803089 0.041237113402061855