0 0.14135135135135135 0.18561855670103092 0.04525096525096525 0.10242268041237114
0 0.5415830115830116 0.16824742268041237 0.07351351351351351 0.09597938144329897
0 0.2335135135135135 0.3342783505154639 0.0771042471042471 0.09211340206185567
0 0.1608108108108108 0.3916494845360825 0.0861003861003861 0.07365979381443298
0 0.11996138996138997 0.5828350515463917 0.09447876447876448 0.1511340206185567
0 0.13876447876447875 0.48422680412371133 0.07100386100386101 0.056907216494845356
0 0.7691891891891892 0.5551030927835051 0.1123938223938224 0.19010309278350518
0 0.7523166023166022 0.8322680412371134 0.14617760617760617 0.20649484536082474
0 0.5505791505791505 0.722680412371134 0.12239382239382239 0.19876288659793814
0 0.3429343629343629 0.6412371134020619 0.07706563706563707 0.11752577319587629
0 0.4831660231660232 0.4747938144329897 0.05776061776061776 0.10850515463917526
0 0.611042471042471 0.40943298969072167 0.07737451737451737 0.11365979381443299
0 0.7643629343629343 0.37438144329896905 0.044826254826254824 0.05634020618556701
0 0.9677220077220077 0.4102577319587629 0.026795366795366798 0.03783505154639175
0 0.8774517374517374 0.5193298969072165 0.036138996138996134 0.06695876288659794
0 0.7938223938223938 0.7595876288659794 0.06830115830115831 0.12221649484536083
0 0.9779536679536679 0.8250515463917526 0.044092664092664095 0.128659793814433
0 0.2176061776061776 0.5180412371134021 0.0355984555984556 0.04721649484536083
0 0.2801930501930502 0.49634020618556707 0.03525096525096525 0.07685567010309279
0 0.35741312741312736 0.4504123711340206 0.04196911196911197 0.07510309278350516
0 0.43444015444015444 0.588659793814433 0.06386100386100385 0.09829896907216495
0 0.4255984555984556 0.7239175257731959 0.06227799227799227 0.11108247422680413
0 0.5338610038610039 0.5158762886597938 0.03104247104247104 0.05154639175257732
0 0.5732818532818532 0.5094329896907216 0.035868725868725866 0.07298969072164949
0 0.5740926640926641 0.325 0.03424710424710425 0.060670103092783506
0 0.46756756756756757 0.6541237113402062 0.06065637065637066 0.09783505154639176
0 0.6662548262548262 0.39798969072164947 0.02231660231660232 0.034845360824742266