0 0.05575539568345324 0.1565934065934066 0.11151079136690648 0.21428571428571427
0 0.381294964028777 0.30494505494505497 0.1366906474820144 0.21428571428571427
0 0.5431654676258992 0.20054945054945056 0.16906474820143885 0.2857142857142857
0 0.579136690647482 0.43956043956043955 0.11870503597122302 0.1813186813186813
0 0.5251798561151079 0.739010989010989 0.1510791366906475 0.2802197802197802
0 0.9280575539568345 0.4175824175824176 0.1223021582733813 0.21978021978021978
0 0.6420863309352518 0.7005494505494505 0.22661870503597123 0.44505494505494503
0 0.9334532374100719 0.804945054945055 0.07913669064748201 0.12087912087912088
0 0.9262589928057554 0.7197802197802198 0.07553956834532374 0.11538461538461539
0 0.814748201438849 0.47802197802197804 0.0683453237410072 0.13186813186813187
0 0.9064748201438849 0.038461538461538464 0.039568345323741004 0.06593406593406594
0 0.4028776978417266 0.17032967032967034 0.02877697841726619 0.054945054945054944
0 0.20323741007194246 0.41208791208791207 0.0683453237410072 0.10989010989010989
0 0.24640287769784172 0.33516483516483514 0.0683453237410072 0.12637362637362637
0 0.32014388489208634 0.3489010989010989 0.0683453237410072 0.12087912087912088
0 0.04316546762589928 0.46153846153846156 0.02877697841726619 0.04945054945054945
0 0.30935251798561153 0.5576923076923077 0.03597122302158273 0.06593406593406594
0 0.5089928057553957 0.4010989010989011 0.03597122302158273 0.08241758241758242
0 0.8579136690647482 0.38461538461538464 0.02877697841726619 0.054945054945054944
0 0.7302158273381295 0.8846153846153846 0.0539568345323741 0.09340659340659341
0 0.7266187050359713 0.7087912087912088 0.10071942446043165 0.1813186813186813
0 0.4442446043165468 0.7747252747252747 0.046762589928057555 0.1043956043956044
0 0.3273381294964029 0.9010989010989011 0.06115107913669065 0.1043956043956044
0 0.2607913669064748 0.9368131868131868 0.07553956834532374 0.12637362637362637
0 0.8938848920863309 0.510989010989011 0.04316546762589928 0.06043956043956044