0 0.06687050359712231 0.1132967032967033 0.11589928057553957 0.20274725274725275
0 0.39 0.29208791208791207 0.12820143884892088 0.19884615384615384
0 0.5573741007194244 0.2069230769230769 0.1558273381294964 0.27225274725274723
0 0.5820503597122302 0.4494505494505494 0.11025179856115107 0.1693956043956044
0 0.5138129496402878 0.7409340659340659 0.13780575539568346 0.26642857142857146
0 0.9311510791366907 0.46390109890109893 0.11428057553956834 0.2103846153846154
0 0.6324460431654676 0.7147802197802198 0.20733812949640287 0.4228021978021978
0 0.917841726618705 0.850879120879121 0.07255395683453238 0.11175824175824176
0 0.9145323741007194 0.7655494505494507 0.0714388489208633 0.1101098901098901
0 0.8150719424460432 0.512032967032967 0.06345323741007194 0.1271978021978022
0 0.9260071942446043 0.08379120879120878 0.03629496402877698 0.06109890109890109
0 0.4183093525179856 0.1604945054945055 0.028093525179856114 0.04961538461538461
0 0.20719424460431654 0.38038461538461543 0.06521582733812949 0.10483516483516482
0 0.25492805755395687 0.30835164835164836 0.06381294964028776 0.11714285714285715
0 0.32784172661870503 0.3295054945054945 0.06298561151079138 0.11714285714285715
0 0.04589928057553957 0.414010989010989 0.024820143884892086 0.049505494505494504
0 0.30737410071942445 0.5378021978021977 0.033093525179856115 0.060384615384615384
0 0.5130575539568345 0.4021978021978022 0.032230215827338135 0.07653846153846154
0 0.862230215827338 0.42417582417582417 0.027733812949640287 0.05285714285714285
0 0.7121582733812949 0.9077472527472528 0.05129496402877698 0.08593406593406594
0 0.7171223021582734 0.7315384615384615 0.09446043165467627 0.17307692307692307
0 0.4314388489208633 0.7682967032967034 0.04053956834532374 0.10291208791208792
0 0.3102517985611511 0.8813186813186813 0.058273381294964025 0.09653846153846155
0 0.24082733812949642 0.9252747252747253 0.06881294964028777 0.14214285714285715
0 0.8915827338129497 0.5538461538461539 0.04212230215827339 0.05868131868131868