0 0.07 0.31555555555555553 0.08875 0.15777777777777777
0 0.2175 0.31666666666666665 0.08125 0.12666666666666668
0 0.323125 0.37333333333333335 0.06 0.1288888888888889
0 0.435625 0.27 0.065 0.12666666666666668
0 0.525625 0.31777777777777777 0.06625 0.14222222222222222
0 0.5825 0.18555555555555556 0.07 0.12
0 0.733125 0.2222222222222222 0.0625 0.13555555555555557
0 0.883125 0.14333333333333334 0.07 0.13555555555555557
0 0.923125 0.3 0.0675 0.14
0 0.85875 0.37222222222222223 0.0675 0.17777777777777778
0 0.635 0.5355555555555556 0.05625 0.1511111111111111
0 0.495625 0.5833333333333334 0.08375 0.13555555555555557
0 0.35125 0.6288888888888889 0.0875 0.15333333333333332
0 0.255 0.6277777777777778 0.08875 0.1511111111111111
0 0.16 0.6966666666666667 0.08375 0.20666666666666667
0 0.11125 0.5711111111111111 0.06125 0.1111111111111111
0 0.138125 0.47555555555555556 0.07125 0.14444444444444443
0 0.365625 0.2922222222222222 0.04125 0.08888888888888889
0 0.3225 0.13111111111111112 0.0375 0.07333333333333333
0 0.245 0.17777777777777778 0.0475 0.08888888888888889
0 0.7725 0.10888888888888888 0.04125 0.09333333333333334
0 0.65625 0.2088888888888889 0.05 0.10222222222222223
0 0.6425 0.3211111111111111 0.0525 0.10222222222222223
0 0.72375 0.4022222222222222 0.07375 0.14444444444444443
0 0.78375 0.46555555555555556 0.0625 0.1288888888888889
0 0.810625 0.5511111111111111 0.04375 0.11555555555555555
0 0.8525 0.5255555555555556 0.0625 0.1288888888888889
0 0.580625 0.48777777777777775 0.0425 0.09333333333333334
0 0.56625 0.4088888888888889 0.035 0.07333333333333333
0 0.153125 0.1811111111111111 0.0325 0.06888888888888889
0 0.24625 0.31555555555555553 0.045 0.09777777777777778
0 0.23375 0.45444444444444443 0.06375 0.12444444444444444
0 0.066875 0.5466666666666666 0.0775 0.17777777777777778
0 0.79625 0.23555555555555555 0.05125 0.1511111111111111