0 0.36777777777777776 0.24496644295302014 0.21444444444444444 0.3540268456375839
0 0.5377777777777778 0.33557046979865773 0.08555555555555555 0.1593959731543624
0 0.6466666666666666 0.337248322147651 0.04888888888888889 0.06543624161073826
0 0.8588888888888889 0.33221476510067116 0.14555555555555555 0.23657718120805368
0 0.91 0.16946308724832215 0.10777777777777778 0.1644295302013423
0 0.15888888888888889 0.4395973154362416 0.20444444444444446 0.3288590604026846
0 0.1438888888888889 0.1115771812080537 0.1 0.14429530201342283
0 0.5466666666666666 0.5830536912751678 0.13 0.2214765100671141
0 0.4711111111111111 0.7072147651006712 0.08333333333333333 0.1493288590604027
0 0.7572222222222222 0.18624161073825504 0.10222222222222223 0.17114093959731544
0 0.6711111111111111 0.24161073825503357 0.034444444444444444 0.06375838926174497
0 0.6016666666666667 0.15771812080536912 0.08444444444444445 0.15436241610738255
0 0.4288888888888889 0.46057046979865773 0.08333333333333333 0.11241610738255034
0 0.40555555555555556 0.36325503355704697 0.03222222222222222 0.06375838926174497
0 0.29777777777777775 0.33976510067114096 0.043333333333333335 0.08557046979865772
0 0.22722222222222221 0.21308724832214765 0.052222222222222225 0.10906040268456375
0 0.09055555555555556 0.16778523489932887 0.07444444444444444 0.14429530201342283
0 0.6294444444444445 0.6048657718120806 0.08777777777777777 0.1593959731543624
0 0.5433333333333333 0.7323825503355704 0.03111111111111111 0.04530201342281879
0 0.3927777777777778 0.5813758389261745 0.06666666666666667 0.10906040268456375
0 0.27111111111111114 0.6535234899328859 0.035555555555555556 0.07046979865771812
0 0.32944444444444443 0.662751677852349 0.04777777777777778 0.08053691275167785
0 0.30666666666666664 0.5260067114093959 0.08888888888888889 0.13926174496644295
0 0.39222222222222225 0.7609060402684564 0.12333333333333334 0.21308724832214765
0 0.8622222222222222 0.6484899328859061 0.06 0.13926174496644295
0 0.8977777777777778 0.5453020134228188 0.042222222222222223 0.06879194630872483
0 0.9338888888888889 0.5553691275167785 0.04111111111111111 0.07214765100671142
0 0.9527777777777777 0.8087248322147651 0.04111111111111111 0.06543624161073826
0 0.9322222222222222 0.28859060402684567 0.035555555555555556 0.06375838926174497
0 0.9566666666666667 0.2701342281879195 0.027777777777777776 0.07214765100671142