0 0.10038610038610038 0.25 0.09652509652509653 0.12886597938144329
0 0.30115830115830117 0.25257731958762886 0.13513513513513514 0.20103092783505155
0 0.4575289575289575 0.36082474226804123 0.27413127413127414 0.42783505154639173
0 0.5984555984555985 0.33505154639175255 0.11969111969111969 0.18041237113402062
0 0.667953667953668 0.422680412371134 0.16216216216216217 0.24742268041237114
0 0.8127413127413128 0.5747422680412371 0.14671814671814673 0.211340206185567
0 0.3088803088803089 0.7963917525773195 0.277992277992278 0.4072164948453608
0 0.7799227799227799 0.7963917525773195 0.15444015444015444 0.22164948453608246
0 0.9884169884169884 0.8273195876288659 0.023166023166023165 0.14948453608247422
0 0.9092664092664092 0.06958762886597938 0.10424710424710425 0.13917525773195877
0 0.36293436293436293 0.40463917525773196 0.13127413127413126 0.23711340206185566
0 0.18146718146718147 0.7577319587628866 0.05791505791505792 0.07216494845360824
0 0.3088803088803089 0.9329896907216495 0.138996138996139 0.13402061855670103
0 0.35135135135135137 0.634020618556701 0.03861003861003861 0.05154639175257732
0 0.7432432432432432 0.9072164948453608 0.10424710424710425 0.1134020618556701
0 0.8552123552123552 0.8917525773195877 0.13513513513513514 0.10309278350515463