0 0.13378378378378378 0.16994845360824742 0.08355212355212356 0.11139175257731959
0 0.3335907335907336 0.21335051546391753 0.11505791505791506 0.17752577319587629
0 0.4741698841698842 0.3544845360824742 0.23146718146718148 0.3834020618556701
0 0.616872586872587 0.35706185567010307 0.1005019305019305 0.1634020618556701
0 0.6744401544401545 0.4593298969072165 0.13972972972972972 0.2218556701030928
0 0.7999227799227799 0.6384536082474227 0.12559845559845562 0.185
0 0.27486486486486483 0.765618556701031 0.23374517374517373 0.3889690721649484
0 0.7408880308880308 0.8504639175257732 0.13301158301158303 0.19577319587628864
0 0.96992277992278 0.9297422680412372 0.06015444015444015 0.1404639175257732
0 0.957027027027027 0.14762886597938144 0.0859073359073359 0.15262886597938144
0 0.3749420849420849 0.37628865979381443 0.1057142857142857 0.2190721649484536
0 0.15536679536679537 0.6870103092783505 0.04945945945945946 0.06298969072164949
0 0.257992277992278 0.9158247422680412 0.11957528957528957 0.1684020618556701
0 0.3377606177606178 0.6015463917525773 0.034594594594594595 0.04675257731958763
0 0.692934362934363 0.9523195876288659 0.09501930501930501 0.09536082474226804
0 0.8042857142857143 0.9609278350515463 0.12633204633204634 0.07819587628865979