0 0.5072727272727273 0.3879781420765027 0.44 0.7759562841530054
0 0.7654545454545455 0.16666666666666666 0.13090909090909092 0.03825136612021858
0 0.8418181818181818 0.3360655737704918 0.29454545454545455 0.5191256830601093
0 0.4490909090909091 0.7185792349726776 0.18181818181818182 0.3442622950819672
0 0.20909090909090908 0.7868852459016393 0.2 0.3442622950819672
0 0.10181818181818182 0.855191256830601 0.16 0.2896174863387978
0 0.24545454545454545 0.6120218579234973 0.08727272727272728 0.14207650273224043
0 0.15454545454545454 0.412568306010929 0.03636363636363636 0.060109289617486336
0 0.20363636363636364 0.3907103825136612 0.06545454545454546 0.10382513661202186
0 0.9490909090909091 0.6612021857923497 0.10181818181818182 0.24043715846994534
0 0.18 0.2103825136612022 0.11636363636363636 0.19672131147540983
0 0.056363636363636366 0.24316939890710382 0.11272727272727273 0.2459016393442623
0 0.2872727272727273 0.12295081967213115 0.07636363636363637 0.14754098360655737
0 0.7472727272727273 0.03278688524590164 0.08363636363636363 0.06557377049180328
0 0.6654545454545454 0.03278688524590164 0.08727272727272728 0.06557377049180328
0 0.7472727272727273 0.10109289617486339 0.05090909090909091 0.07103825136612021
0 0.8018181818181818 0.00819672131147541 0.03272727272727273 0.01639344262295082
0 0.8563636363636363 0.01366120218579235 0.04727272727272727 0.0273224043715847
0 0.6872727272727273 0.13387978142076504 0.10181818181818182 0.16393442622950818
0 0.8072727272727273 0.11202185792349727 0.05454545454545454 0.08196721311475409
0 0.9036363636363637 0.09836065573770492 0.03272727272727273 0.0546448087431694
0 0.9272727272727272 0.11202185792349727 0.04363636363636364 0.060109289617486336
0 0.9563636363636364 0.3469945355191257 0.04363636363636364 0.060109289617486336
0 0.9581818181818181 0.273224043715847 0.04 0.06557377049180328
0 0.9672727272727273 0.47540983606557374 0.04727272727272727 0.07650273224043716
0 0.9781818181818182 0.4016393442622951 0.03272727272727273 0.0546448087431694
0 0.8036363636363636 0.76775956284153 0.06545454545454546 0.09836065573770492
0 0.8381818181818181 0.7431693989071039 0.05818181818181818 0.10382513661202186
0 0.88 0.680327868852459 0.10181818181818182 0.17486338797814208
0 0.7563636363636363 0.6038251366120219 0.1781818181818182 0.3333333333333333
0 0.6236363636363637 0.8032786885245902 0.12363636363636364 0.20765027322404372
0 0.5345454545454545 0.8087431693989071 0.09454545454545454 0.18579234972677597
0 0.3018181818181818 0.9016393442622951 0.07272727272727272 0.18032786885245902
0 0.34363636363636363 0.8770491803278688 0.10909090909090909 0.18032786885245902
0 0.3836363636363636 0.8907103825136612 0.09090909090909091 0.16393442622950818
0 0.42727272727272725 0.8579234972677595 0.08 0.16393442622950818
0 0.9290909090909091 0.7486338797814208 0.04363636363636364 0.07650273224043716
0 0.6818181818181818 0.3360655737704918 0.04363636363636364 0.08743169398907104
0 0.6672727272727272 0.23224043715846995 0.06909090909090909 0.1092896174863388
0 0.3890909090909091 0.5218579234972678 0.08 0.11475409836065574
0 0.1 0.5601092896174863 0.09090909090909091 0.16393442622950818
0 0.02181818181818182 0.6311475409836066 0.04 0.09836065573770492
0 0.04363636363636364 0.5710382513661202 0.05454545454545454 0.09289617486338798
0 0.13454545454545455 0.639344262295082 0.03636363636363636 0.0546448087431694
0 0.14909090909090908 0.5655737704918032 0.05818181818181818 0.09289617486338798
0 0.09454545454545454 0.5081967213114754 0.05454545454545454 0.09836065573770492
0 0.014545454545454545 0.45081967213114754 0.02909090909090909 0.04918032786885246
0 0.07636363636363637 0.4371584699453552 0.03272727272727273 0.04371584699453552
0 0.005454545454545455 0.3770491803278688 0.01090909090909091 0.03278688524590164
0 0.034545454545454546 0.3797814207650273 0.02181818181818182 0.03825136612021858
0 0.07272727272727272 0.36065573770491804 0.03636363636363636 0.06557377049180328
0 0.13090909090909092 0.29508196721311475 0.03636363636363636 0.060109289617486336
0 0.20909090909090908 0.33060109289617484 0.02909090909090909 0.060109289617486336
0 0.2381818181818182 0.28688524590163933 0.04 0.060109289617486336
0 0.2727272727272727 0.2540983606557377 0.04727272727272727 0.06557377049180328
0 0.24181818181818182 0.45901639344262296 0.05454545454545454 0.09836065573770492
0 0.3090909090909091 0.5218579234972678 0.08 0.13114754098360656
0 0.28545454545454546 0.45081967213114754 0.06545454545454546 0.1092896174863388
0 0.31636363636363635 0.4672131147540984 0.05818181818181818 0.10382513661202186
0 0.33454545454545453 0.4207650273224044 0.02909090909090909 0.060109289617486336
0 0.36 0.46174863387978143 0.03636363636363636 0.060109289617486336