0 0.5418181818181819 0.4016393442622951 0.46545454545454545 0.8032786885245902
0 0.8363636363636363 0.3743169398907104 0.13090909090909092 0.0546448087431694
0 0.8490909090909091 0.5792349726775956 0.3018181818181818 0.5355191256830601
0 0.39090909090909093 0.6639344262295082 0.19272727272727272 0.3551912568306011
0 0.15454545454545454 0.5655737704918032 0.2109090909090909 0.3551912568306011
0 0.06 0.5737704918032787 0.12 0.32786885245901637
0 0.2381818181818182 0.4344262295081967 0.09090909090909091 0.14754098360655737
0 0.21454545454545454 0.19672131147540983 0.04 0.060109289617486336
0 0.26545454545454544 0.20765027322404372 0.06909090909090909 0.1092896174863388
0 0.8745454545454545 0.9180327868852459 0.14909090909090908 0.16393442622950818
0 0.29818181818181816 0.06284153005464481 0.12363636363636364 0.12568306010928962
0 0.16363636363636364 0.04644808743169399 0.14545454545454545 0.09289617486338798
0 0.41818181818181815 0.04644808743169399 0.08 0.09289617486338798
0 0.8709090909090909 0.20491803278688525 0.09090909090909091 0.15846994535519127
0 0.7945454545454546 0.16120218579234974 0.09090909090909091 0.13114754098360656
0 0.8381818181818181 0.30601092896174864 0.05090909090909091 0.07650273224043716
0 0.92 0.2459016393442623 0.03272727272727273 0.04918032786885246
0 0.9690909090909091 0.273224043715847 0.04727272727272727 0.08743169398907104
0 0.9745454545454545 0.22950819672131148 0.05090909090909091 0.1092896174863388
0 0.7745454545454545 0.29508196721311475 0.10909090909090909 0.16939890710382513
0 0.889090909090909 0.3524590163934426 0.05818181818181818 0.08196721311475409
0 0.98 0.40437158469945356 0.03272727272727273 0.060109289617486336
0 0.9872727272727273 0.43169398907103823 0.025454545454545455 0.06557377049180328
0 0.9545454545454546 0.6639344262295082 0.04363636363636364 0.060109289617486336
0 0.9781818181818182 0.5983606557377049 0.04363636363636364 0.07103825136612021
0 0.9272727272727272 0.7868852459016393 0.04727272727272727 0.07650273224043716
0 0.9581818181818181 0.726775956284153 0.03636363636363636 0.060109289617486336
0 0.6945454545454546 0.9398907103825137 0.06909090909090909 0.10382513661202186
0 0.7327272727272728 0.9398907103825137 0.06181818181818182 0.1092896174863388
0 0.7890909090909091 0.9098360655737705 0.10909090909090909 0.18032786885245902
0 0.7 0.7622950819672131 0.1890909090909091 0.3442622950819672
0 0.5218181818181818 0.855191256830601 0.13090909090909092 0.2185792349726776
0 0.44181818181818183 0.8005464480874317 0.09818181818181818 0.1912568306010929
0 0.20363636363636364 0.7295081967213115 0.08 0.18579234972677597
0 0.24909090909090909 0.7377049180327869 0.11636363636363636 0.18579234972677597
0 0.2818181818181818 0.773224043715847 0.09454545454545454 0.16939890710382513
0 0.33090909090909093 0.773224043715847 0.08727272727272728 0.16939890710382513
0 0.8109090909090909 0.9836065573770492 0.04363636363636364 0.03278688524590164
0 0.7127272727272728 0.4726775956284153 0.04727272727272727 0.08743169398907104
0 0.7290909090909091 0.37158469945355194 0.06909090909090909 0.11475409836065574
0 0.39454545454545453 0.44808743169398907 0.08363636363636363 0.12021857923497267
0 0.12181818181818181 0.2896174863387978 0.09818181818181818 0.16939890710382513
0 0.03272727272727273 0.30327868852459017 0.04363636363636364 0.09836065573770492
0 0.06909090909090909 0.26229508196721313 0.05818181818181818 0.09836065573770492
0 0.13090909090909092 0.38524590163934425 0.03636363636363636 0.0546448087431694
0 0.16545454545454547 0.32786885245901637 0.06181818181818182 0.09836065573770492
0 0.13454545454545455 0.24043715846994534 0.05818181818181818 0.10382513661202186
0 0.07454545454545454 0.1366120218579235 0.03272727272727273 0.0546448087431694
0 0.13818181818181818 0.16393442622950818 0.03272727272727273 0.04918032786885246
0 0.08727272727272728 0.06284153005464481 0.02181818181818182 0.03278688524590164
0 0.11636363636363636 0.08469945355191257 0.025454545454545455 0.03825136612021858
0 0.15636363636363637 0.09289617486338798 0.04 0.06557377049180328
0 0.08545454545454545 0.0273224043715847 0.02909090909090909 0.04371584699453552
0 0.22727272727272727 0.07103825136612021 0.03636363636363636 0.060109289617486336
0 0.2872727272727273 0.15846994535519127 0.02909090909090909 0.060109289617486336
0 0.32727272727272727 0.1366120218579235 0.04 0.06557377049180328
0 0.36727272727272725 0.1284153005464481 0.04727272727272727 0.07103825136612021
0 0.28 0.2923497267759563 0.05818181818181818 0.10382513661202186
0 0.32181818181818184 0.39344262295081966 0.08363636363636363 0.1366120218579235
0 0.32181818181818184 0.31693989071038253 0.06909090909090909 0.11475409836065574
0 0.34363636363636363 0.34972677595628415 0.06181818181818182 0.10382513661202186
0 0.37454545454545457 0.319672131147541 0.03272727272727273 0.060109289617486336
0 0.38545454545454544 0.37158469945355194 0.04 0.060109289617486336