0 0.060625 0.415 0.0175 0.02666666666666667
0 0.6878125 0.24958333333333332 0.17 0.30666666666666664
0 0.4765625 0.48875 0.01125 0.0175
0 0.55875 0.4475 0.021875 0.03916666666666667
0 0.1771875 0.3179166666666667 0.085 0.15333333333333332
0 0.0196875 0.47458333333333336 0.018125 0.03
0 0.0375 0.44583333333333336 0.01625 0.02666666666666667
0 0.0296875 0.43375 0.01 0.015833333333333335
0 0.149375 0.45375 0.01625 0.029166666666666667
0 0.1403125 0.51375 0.013125 0.021666666666666667
0 0.1459375 0.49333333333333335 0.014375 0.021666666666666667
0 0.171875 0.40458333333333335 0.036875 0.07166666666666667
0 0.2365625 0.49375 0.013125 0.024166666666666666
0 0.240625 0.47041666666666665 0.010625 0.016666666666666666
0 0.25375 0.51625 0.013125 0.0225
0 0.259375 0.44125 0.0075 0.013333333333333334
0 0.270625 0.4725 0.020625 0.03666666666666667
0 0.2771875 0.47583333333333333 0.00875 0.0175
0 0.2753125 0.50125 0.01125 0.02
0 0.2834375 0.41541666666666666 0.026875 0.04666666666666667
0 0.2890625 0.44333333333333336 0.010625 0.0175
0 0.309375 0.4066666666666667 0.01 0.015833333333333335
0 0.336875 0.4845833333333333 0.01125 0.0275
0 0.3165625 0.53 0.015625 0.029166666666666667
0 0.3725 0.47041666666666665 0.0175 0.03333333333333333
0 0.4534375 0.40708333333333335 0.025625 0.050833333333333335
0 0.4540625 0.5233333333333333 0.009375 0.021666666666666667