0 0.05625 0.4870833333333333 0.02 0.029166666666666667
0 0.6634375 0.22083333333333333 0.196875 0.33166666666666667
0 0.475625 0.4925 0.0125 0.019166666666666665
0 0.5534375 0.43833333333333335 0.025 0.0425
0 0.1628125 0.37166666666666665 0.098125 0.16583333333333333
0 0.0209375 0.5529166666666666 0.020625 0.0325
0 0.0359375 0.52125 0.01875 0.029166666666666667
0 0.0271875 0.5108333333333334 0.01125 0.0175
0 0.1478125 0.51125 0.01875 0.03166666666666667
0 0.144375 0.5720833333333334 0.015 0.023333333333333334
0 0.1478125 0.5508333333333333 0.01625 0.024166666666666666
0 0.165625 0.45875 0.043125 0.0775
0 0.2378125 0.5366666666666666 0.015 0.025833333333333333
0 0.24 0.5129166666666667 0.011875 0.018333333333333333
0 0.2571875 0.55625 0.015 0.024166666666666666
0 0.2559375 0.48083333333333333 0.00875 0.014166666666666666
0 0.2696875 0.51 0.02375 0.04
0 0.2765625 0.5120833333333333 0.01 0.019166666666666665
0 0.2771875 0.5379166666666667 0.013125 0.021666666666666667
0 0.2771875 0.45125 0.03125 0.050833333333333335
0 0.2853125 0.47791666666666666 0.011875 0.019166666666666665
0 0.3021875 0.43833333333333335 0.01125 0.0175
0 0.3365625 0.51125 0.01375 0.029166666666666667
0 0.320625 0.5595833333333333 0.018125 0.03166666666666667
0 0.370625 0.49125 0.020625 0.035833333333333335
0 0.4453125 0.41541666666666666 0.03 0.055
0 0.4565625 0.5304166666666666 0.01125 0.023333333333333334