0 0.5933333333333334 0.8160980810234542 0.05333333333333334 0.09914712153518124
0 0.308 0.9504264392324094 0.11666666666666667 0.09914712153518124
0 0.701 0.1417910447761194 0.013333333333333334 0.03411513859275053
0 0.8206666666666667 0.267590618336887 0.012666666666666666 0.02771855010660981
0 0.7043333333333334 0.6135394456289979 0.012 0.019189765458422176
0 0.771 0.6146055437100213 0.012666666666666666 0.022388059701492536
0 0.761 0.5266524520255863 0.006666666666666667 0.014925373134328358
0 0.7783333333333333 0.5079957356076759 0.008 0.015991471215351813
0 0.797 0.5330490405117271 0.005333333333333333 0.010660980810234541
0 0.8266666666666667 0.5570362473347548 0.010666666666666666 0.015991471215351813
0 0.9473333333333334 0.48507462686567165 0.011333333333333334 0.021321961620469083
0 0.959 0.44189765458422176 0.012 0.023454157782515993
0 0.6516666666666666 0.582089552238806 0.007333333333333333 0.013859275053304905
0 0.6663333333333333 0.5501066098081023 0.008 0.015991471215351813
0 0.6893333333333334 0.4488272921108742 0.006666666666666667 0.013859275053304905
0 0.6943333333333334 0.4685501066098081 0.009333333333333334 0.017057569296375266
0 0.715 0.4978678038379531 0.008 0.015991471215351813
0 0.6863333333333334 0.5314498933901919 0.010666666666666666 0.023454157782515993
0 0.699 0.5463752665245203 0.005333333333333333 0.010660980810234541
0 0.7343333333333333 0.5389125799573561 0.019333333333333334 0.039445628997867806
0 0.13166666666666665 0.22974413646055436 0.06533333333333333 0.12153518123667377
0 0.07766666666666666 0.27611940298507465 0.04533333333333334 0.08422174840085288
0 0.10766666666666666 0.585820895522388 0.032 0.0650319829424307
0 0.21833333333333332 0.5874200426439232 0.014666666666666666 0.029850746268656716
0 0.31733333333333336 0.6151385927505331 0.026 0.04904051172707889
0 0.31066666666666665 0.4914712153518124 0.018666666666666668 0.035181236673773986
0 0.38233333333333336 0.5031982942430704 0.03933333333333333 0.0767590618336887
0 0.37933333333333336 0.6092750533049041 0.022 0.03731343283582089
0 0.568 0.6929637526652452 0.032 0.0650319829424307
0 0.46066666666666667 0.1828358208955224 0.016 0.03304904051172708
0 0.6086666666666667 0.10287846481876332 0.008666666666666666 0.021321961620469083
0 0.618 0.19243070362473347 0.013333333333333334 0.02771855010660981
0 0.4856666666666667 0.3017057569296375 0.01 0.02771855010660981
0 0.5053333333333333 0.29850746268656714 0.011333333333333334 0.0255863539445629
0 0.5243333333333333 0.5314498933901919 0.008 0.017057569296375266
0 0.5576666666666666 0.4642857142857143 0.029333333333333333 0.060767590618336885
0 0.549 0.48667377398720685 0.005333333333333333 0.011727078891257996
0 0.5506666666666666 0.5143923240938166 0.009333333333333334 0.01812366737739872
0 0.556 0.5501066098081023 0.008 0.013859275053304905
0 0.5556666666666666 0.5847547974413646 0.014666666666666666 0.029850746268656716
0 0.602 0.44989339019189767 0.007333333333333333 0.017057569296375266
0 0.6956666666666667 0.3347547974413646 0.008666666666666666 0.017057569296375266
0 0.6583333333333333 0.4131130063965885 0.01 0.021321961620469083
0 0.5916666666666667 0.517590618336887 0.009333333333333334 0.01812366737739872
0 0.6643333333333333 0.5191897654584222 0.006 0.013859275053304905
0 0.593 0.5863539445628998 0.008666666666666666 0.017057569296375266
0 0.5696666666666667 0.3150319829424307 0.09533333333333334 0.18976545842217485