0 0.96375 0.4825653798256538 0.0725 0.12826899128268993
0 0.9616666666666667 0.5734744707347447 0.07666666666666666 0.17559153175591533
0 0.8095833333333333 0.6400996264009963 0.11333333333333333 0.16687422166874222
0 0.8545833333333334 0.5778331257783312 0.23416666666666666 0.37484433374844334
0 0.9025 0.6948941469489415 0.18583333333333332 0.18929016189290163
0 0.41875 0.6575342465753424 0.05333333333333334 0.0759651307596513
0 0.2520833333333333 0.5697384806973848 0.021666666666666667 0.034869240348692404
0 0.2875 0.5828144458281445 0.018333333333333333 0.031133250311332503
0 0.255 0.5909090909090909 0.0125 0.019925280199252802
0 0.31666666666666665 0.6039850560398505 0.020833333333333332 0.0361145703611457
0 0.33625 0.5803237858032378 0.010833333333333334 0.0161892901618929
0 0.3408333333333333 0.6064757160647571 0.023333333333333334 0.038605230386052306
0 0.16833333333333333 0.4962640099626401 0.014166666666666666 0.0224159402241594
0 0.16041666666666668 0.5280199252801993 0.03666666666666667 0.05977584059775841
0 0.1725 0.5491905354919053 0.025 0.0448318804483188
0 0.18166666666666667 0.5927770859277709 0.01 0.0186799501867995
0 0.20041666666666666 0.5828144458281445 0.020833333333333332 0.034869240348692404
0 0.20541666666666666 0.5105853051058531 0.0125 0.019925280199252802
0 0.21875 0.5286425902864259 0.029166666666666667 0.049813200498132
0 0.28125 0.5211706102117061 0.01 0.0161892901618929
0 0.23791666666666667 0.5790784557907845 0.0175 0.031133250311332503
0 0.005833333333333334 0.31133250311332505 0.011666666666666667 0.06724782067247821
0 0.10458333333333333 0.4613947696139477 0.03166666666666667 0.052303860523038606
0 0.04625 0.5149439601494396 0.014166666666666666 0.021170610211706103
0 0.1225 0.15442092154420922 0.050833333333333335 0.06973848069738481
0 0.395 0.07098381070983811 0.06333333333333334 0.10460772104607721
0 0.4525 0.04234122042341221 0.05333333333333334 0.08468244084682441
0 0.5325 0.0049813200498132005 0.03166666666666667 0.009962640099626401
0 0.66625 0.033623910336239106 0.05583333333333333 0.06724782067247821
0 0.8541666666666666 0.033623910336239106 0.16166666666666665 0.06724782067247821
0 0.52375 0.1432129514321295 0.04833333333333333 0.08468244084682441
0 0.65125 0.1307596513075965 0.035833333333333335 0.057285180572851806
0 0.6295833333333334 0.2191780821917808 0.04416666666666667 0.0759651307596513
0 0.5145833333333333 0.22789539227895392 0.03 0.052303860523038606
0 0.52375 0.24968866749688667 0.02666666666666667 0.043586550435865505
0 0.73375 0.2932752179327522 0.035833333333333335 0.062266500622665005
0 0.8083333333333333 0.3518057285180573 0.04 0.0660024906600249
0 0.6379166666666667 0.4396014943960149 0.025833333333333333 0.043586550435865505
0 0.67625 0.4669987546699875 0.06666666666666667 0.11706102117061021
0 0.62375 0.3586550435865504 0.055 0.0958904109589041
0 0.5720833333333334 0.37858032378580325 0.045 0.08841843088418432
0 0.5020833333333333 0.42092154420921546 0.023333333333333334 0.0410958904109589
0 0.4270833333333333 0.4153175591531756 0.025833333333333333 0.0448318804483188
0 0.31625 0.4190535491905355 0.0125 0.0186799501867995
0 0.31666666666666665 0.4676214196762142 0.0125 0.021170610211706103
0 0.19958333333333333 0.4402241594022416 0.015833333333333335 0.026151930261519303
0 0.31875 0.2833125778331258 0.045 0.07970112079701121
0 0.38625 0.2851805728518057 0.028333333333333332 0.047322540473225407
0 0.5254166666666666 0.5143212951432129 0.025833333333333333 0.048567870485678705
0 0.55875 0.4887920298879203 0.008333333333333333 0.014943960149439602
0 0.042916666666666665 0.6587795765877957 0.0125 0.021170610211706103
0 0.07125 0.6911581569115816 0.024166666666666666 0.039850560398505604
0 0.0875 0.7004981320049813 0.011666666666666667 0.021170610211706103
0 0.07416666666666667 0.5853051058530511 0.034166666666666665 0.05603985056039851
0 0.11083333333333334 0.612079701120797 0.0225 0.038605230386052306
0 0.13541666666666666 0.5174346201743462 0.013333333333333334 0.023661270236612703
0 0.13375 0.6039850560398505 0.0325 0.0547945205479452
0 0.12333333333333334 0.6662515566625156 0.016666666666666666 0.028642590286425903
0 0.13916666666666666 0.6400996264009963 0.021666666666666667 0.037359900373599
0 0.1575 0.6438356164383562 0.018333333333333333 0.0273972602739726
0 0.04 0.7702366127023661 0.008333333333333333 0.012453300124533
0 0.05625 0.7696139476961394 0.005833333333333334 0.008717310087173101
0 0.15791666666666668 0.566002490660025 0.020833333333333332 0.0361145703611457
0 0.3275 0.636986301369863 0.009166666666666667 0.0161892901618929
0 0.33791666666666664 0.6214196762141968 0.0175 0.0273972602739726
0 0.3358333333333333 0.6531755915317559 0.018333333333333333 0.033623910336239106
0 0.38333333333333336 0.5983810709838107 0.025 0.04234122042341221
0 0.38 0.6183063511830635 0.010833333333333334 0.017434620174346202
0 0.33166666666666667 0.5006226650062267 0.030833333333333334 0.06351183063511831
0 0.34041666666666665 0.48194271481942713 0.010833333333333334 0.017434620174346202
0 0.39416666666666667 0.5491905354919053 0.015833333333333335 0.0273972602739726
0 0.41541666666666666 0.5473225404732254 0.025833333333333333 0.0448318804483188
0 0.4675 0.5753424657534246 0.0125 0.019925280199252802
0 0.3525 0.6631382316313823 0.02666666666666667 0.0410958904109589
0 0.37166666666666665 0.6556662515566625 0.009166666666666667 0.014943960149439602
0 0.39458333333333334 0.6562889165628891 0.015 0.026151930261519303
0 0.1225 0.7048567870485679 0.0175 0.028642590286425903
0 0.13 0.7926525529265255 0.10916666666666666 0.1793275217932752
0 0.24291666666666667 0.7770859277708593 0.2758333333333333 0.44582814445828145
0 0.14583333333333334 0.9296388542963886 0.18 0.14072229140722292
0 0.17625 0.8767123287671232 0.12416666666666666 0.149439601494396
0 0.3625 0.7503113325031133 0.09416666666666666 0.11706102117061021
0 0.55125 0.6363636363636364 0.08666666666666667 0.14819427148194272
0 0.59 0.6108343711083437 0.08083333333333333 0.1357409713574097
0 0.3883333333333333 0.7023661270236613 0.04666666666666667 0.058530510585305104
0 0.41083333333333333 0.686799501867995 0.059166666666666666 0.074719800747198
0 0.4245833333333333 0.7017434620174346 0.049166666666666664 0.06102117061021171
0 0.4683333333333333 0.7173100871731009 0.09 0.1095890410958904
0 0.4925 0.9234122042341221 0.15166666666666667 0.15317559153175592
0 0.5029166666666667 0.800747198007472 0.22916666666666666 0.2727272727272727
0 0.6120833333333333 0.6556662515566625 0.10083333333333333 0.13449564134495642
0 0.6466666666666666 0.6027397260273972 0.10166666666666667 0.1718555417185554
0 0.6841666666666667 0.6625155666251556 0.06166666666666667 0.07098381070983811
0 0.73125 0.6108343711083437 0.09666666666666666 0.13325031133250312
0 0.7670833333333333 0.5417185554171855 0.058333333333333334 0.10211706102117062