0 0.6345454545454545 0.592896174863388 0.01818181818181818 0.03278688524590164
0 0.6763636363636364 0.5819672131147541 0.02181818181818182 0.03825136612021858
0 0.8654545454545455 0.3524590163934426 0.06181818181818182 0.12021857923497267
0 0.6581818181818182 0.5109289617486339 0.025454545454545455 0.04371584699453552
0 0.64 0.5573770491803278 0.01818181818181818 0.03278688524590164
0 0.66 0.5437158469945356 0.03636363636363636 0.06557377049180328
0 0.14 0.4371584699453552 0.02909090909090909 0.06557377049180328
0 0.22545454545454546 0.34153005464480873 0.06545454545454546 0.1366120218579235
0 0.28 0.47540983606557374 0.02909090909090909 0.060109289617486336
0 0.3018181818181818 0.3551912568306011 0.01818181818181818 0.03825136612021858
0 0.31272727272727274 0.3251366120218579 0.02181818181818182 0.04371584699453552
0 0.44363636363636366 0.28415300546448086 0.025454545454545455 0.04918032786885246
0 0.4781818181818182 0.32786885245901637 0.02181818181818182 0.03825136612021858
0 0.4072727272727273 0.3797814207650273 0.02181818181818182 0.04918032786885246
0 0.4018181818181818 0.4344262295081967 0.02181818181818182 0.0546448087431694
0 0.37272727272727274 0.48360655737704916 0.02181818181818182 0.04918032786885246
0 0.3781818181818182 0.4562841530054645 0.025454545454545455 0.04918032786885246
0 0.3181818181818182 0.6174863387978142 0.014545454545454545 0.0273224043715847
0 0.31636363636363635 0.639344262295082 0.02181818181818182 0.03825136612021858
0 0.5363636363636364 0.4098360655737705 0.01818181818181818 0.03278688524590164
0 0.7163636363636363 0.34972677595628415 0.04 0.07103825136612021
0 0.4290909090909091 0.5300546448087432 0.014545454545454545 0.03278688524590164
0 0.4581818181818182 0.5273224043715847 0.025454545454545455 0.04371584699453552
0 0.5036363636363637 0.4918032786885246 0.03272727272727273 0.06557377049180328
0 0.5145454545454545 0.46174863387978143 0.02909090909090909 0.04918032786885246
0 0.5709090909090909 0.42349726775956287 0.014545454545454545 0.0273224043715847
0 0.54 0.453551912568306 0.02181818181818182 0.03825136612021858
0 0.5690909090909091 0.5027322404371585 0.014545454545454545 0.02185792349726776
0 0.7090909090909091 0.46174863387978143 0.01818181818181818 0.03278688524590164
0 0.6090909090909091 0.6202185792349727 0.01818181818181818 0.03825136612021858
0 0.7018181818181818 0.5382513661202186 0.01818181818181818 0.03825136612021858
0 0.6127272727272727 0.5819672131147541 0.014545454545454545 0.03278688524590164