0 0.19293478260869565 0.7612244897959184 0.11548913043478261 0.2163265306122449
0 0.140625 0.48673469387755103 0.05570652173913043 0.12040816326530612
0 0.266304347826087 0.26224489795918365 0.15760869565217392 0.2979591836734694
0 0.6114130434782609 0.7979591836734694 0.016304347826086956 0.04693877551020408
0 0.891983695652174 0.5653061224489796 0.019021739130434784 0.03877551020408163
0 0.8783967391304348 0.6357142857142857 0.019021739130434784 0.0326530612244898
0 0.8288043478260869 0.6816326530612244 0.016304347826086956 0.030612244897959183
0 0.8172554347826086 0.673469387755102 0.024456521739130436 0.04693877551020408
0 0.7907608695652174 0.7030612244897959 0.020380434782608696 0.044897959183673466
0 0.7574728260869565 0.673469387755102 0.020380434782608696 0.04897959183673469
0 0.7506793478260869 0.610204081632653 0.021739130434782608 0.04081632653061224
0 0.7391304347826086 0.6224489795918368 0.019021739130434784 0.03877551020408163
0 0.28328804347826086 0.5622448979591836 0.10326086956521739 0.22244897959183674
0 0.4048913043478261 0.3816326530612245 0.11277173913043478 0.21428571428571427
0 0.75 0.5724489795918367 0.020380434782608696 0.04285714285714286
0 0.798233695652174 0.5989795918367347 0.017663043478260868 0.03877551020408163
0 0.6854619565217391 0.8428571428571429 0.02309782608695652 0.04285714285714286
0 0.5726902173913043 0.4775510204081633 0.15625 0.2979591836734694
0 0.6827445652173914 0.7030612244897959 0.016304347826086956 0.02857142857142857
0 0.6535326086956522 0.33979591836734696 0.12228260869565218 0.24897959183673468
0 0.8063858695652174 0.2969387755102041 0.15353260869565216 0.35714285714285715
0 0.6745923913043478 0.47959183673469385 0.03260869565217391 0.05714285714285714
0 0.9347826086956522 0.3295918367346939 0.017663043478260868 0.0326530612244898
0 0.31657608695652173 0.8948979591836734 0.016304347826086956 0.02857142857142857
0 0.4157608695652174 0.8397959183673469 0.017663043478260868 0.036734693877551024
0 0.4735054347826087 0.8071428571428572 0.016304347826086956 0.03877551020408163
0 0.5461956521739131 0.710204081632653 0.017663043478260868 0.03877551020408163