0 0.5386178861788617 0.6 0.02032520325203252 0.04242424242424243
0 0.7560975609756098 0.5484848484848485 0.012195121951219513 0.024242424242424242
0 0.6117886178861789 0.6090909090909091 0.008130081300813009 0.024242424242424242
0 0.7642276422764228 0.2727272727272727 0.016260162601626018 0.024242424242424242
0 0.717479674796748 0.4575757575757576 0.016260162601626018 0.024242424242424242
0 0.5264227642276422 0.4727272727272727 0.016260162601626018 0.024242424242424242
0 0.5142276422764228 0.42424242424242425 0.016260162601626018 0.024242424242424242
0 0.37601626016260165 0.5515151515151515 0.032520325203252036 0.06666666666666667
0 0.3313008130081301 0.2878787878787879 0.036585365853658534 0.05454545454545454
0 0.20121951219512196 0.5393939393939394 0.08943089430894309 0.16363636363636364
0 0.5873983739837398 0.5787878787878787 0.012195121951219513 0.024242424242424242