0 0.066 0.4100609756097561 0.048 0.08841463414634146
0 0.3 0.524390243902439 0.048 0.08841463414634146
0 0.337 0.6737804878048781 0.048 0.08841463414634146
0 0.593 0.9329268292682927 0.066 0.13414634146341464
0 0.518 0.9649390243902439 0.048 0.0701219512195122
0 0.926 0.5625 0.048 0.08841463414634146
0 0.77 0.30335365853658536 0.048 0.08841463414634146
0 0.13 0.8155487804878049 0.048 0.08841463414634146
0 0.776 0.22560975609756098 0.06 0.10365853658536585
0 0.803 0.5121951219512195 0.048 0.08841463414634146
0 0.839 0.8948170731707317 0.134 0.21036585365853658
0 0.321 0.7804878048780488 0.048 0.08841463414634146
0 0.608 0.4893292682926829 0.522 0.9115853658536586
0 0.13 0.5289634146341463 0.048 0.08841463414634146