0 0.062 0.5259146341463414 0.04 0.07926829268292683
0 0.306 0.5762195121951219 0.04 0.07926829268292683
0 0.359 0.7149390243902439 0.04 0.07926829268292683
0 0.641 0.9039634146341463 0.052 0.12195121951219512
0 0.573 0.961890243902439 0.04 0.07621951219512195
0 0.927 0.4481707317073171 0.04 0.07926829268292683
0 0.743 0.2347560975609756 0.04 0.07926829268292683
0 0.172 0.9085365853658537 0.04 0.07926829268292683
0 0.741 0.15701219512195122 0.05 0.09146341463414634
0 0.8 0.43140243902439024 0.04 0.07926829268292683
0 0.882 0.8155487804878049 0.112 0.21341463414634146
0 0.356 0.823170731707317 0.04 0.07926829268292683
0 0.605 0.4603658536585366 0.436 0.8079268292682927
0 0.139 0.6265243902439024 0.04 0.07926829268292683