0 0.9306640625 0.27765567765567767 0.01708984375 0.02564102564102564
0 0.4873046875 0.20805860805860807 0.02734375 0.046153846153846156
0 0.6279296875 0.2578754578754579 0.01904296875 0.034432234432234435
0 0.17919921875 0.31062271062271063 0.01904296875 0.034432234432234435
0 0.095703125 0.34285714285714286 0.01904296875 0.0336996336996337
0 0.09130859375 0.38754578754578756 0.01904296875 0.0336996336996337
0 0.13818359375 0.41611721611721614 0.01708984375 0.02564102564102564
0 0.79541015625 0.4307692307692308 0.01708984375 0.02564102564102564
0 0.759765625 0.33772893772893775 0.01708984375 0.02564102564102564
0 0.677734375 0.2175824175824176 0.01708984375 0.02564102564102564
0 0.58251953125 0.22783882783882783 0.01708984375 0.02564102564102564
0 0.45654296875 0.41684981684981687 0.01708984375 0.02564102564102564
0 0.4072265625 0.3912087912087912 0.01708984375 0.02564102564102564
0 0.3935546875 0.3142857142857143 0.01708984375 0.02564102564102564
0 0.41162109375 0.22490842490842491 0.01708984375 0.02564102564102564
0 0.43115234375 0.31575091575091574 0.01708984375 0.02564102564102564
0 0.92041015625 0.44468864468864466 0.01904296875 0.03223443223443224
0 0.2412109375 0.2468864468864469 0.01708984375 0.02564102564102564
0 0.189453125 0.4703296703296703 0.01708984375 0.02564102564102564
0 0.21923828125 0.4564102564102564 0.01708984375 0.02564102564102564
0 0.12548828125 0.2571428571428571 0.01708984375 0.02564102564102564
0 0.09326171875 0.22637362637362637 0.01708984375 0.02564102564102564
0 0.04541015625 0.20366300366300366 0.01708984375 0.02564102564102564
0 0.78515625 0.21611721611721613 0.01708984375 0.02564102564102564
0 0.70751953125 0.09010989010989011 0.02734375 0.060073260073260075
0 0.849609375 0.5098901098901099 0.03173828125 0.047619047619047616
0 0.87939453125 0.3347985347985348 0.02734375 0.04468864468864469
0 0.59033203125 0.02490842490842491 0.03173828125 0.047619047619047616