0 0.212890625 0.4290364583333333 0.05029296875 0.076171875
0 0.449462890625 0.6067708333333334 0.0634765625 0.095703125
0 0.473876953125 0.7421875 0.0634765625 0.095703125
0 0.49609375 0.6617838541666666 0.0634765625 0.095703125
0 0.3623046875 0.6787109375 0.0634765625 0.095703125
0 0.093994140625 0.7317708333333334 0.05859375 0.08984375
0 0.14599609375 0.595703125 0.04736328125 0.07356770833333333
0 0.350341796875 0.5013020833333334 0.04736328125 0.07356770833333333
0 0.477294921875 0.478515625 0.04736328125 0.07356770833333333
0 0.59375 0.376953125 0.05419921875 0.08333333333333333
0 0.53759765625 0.318359375 0.04736328125 0.07356770833333333
0 0.477783203125 0.16861979166666666 0.04736328125 0.07356770833333333
0 0.0927734375 0.30859375 0.04736328125 0.07356770833333333
0 0.534912109375 0.5091145833333334 0.029296875 0.044270833333333336
0 0.939697265625 0.2620442708333333 0.01416015625 0.021484375
0 0.645751953125 0.353515625 0.017578125 0.027994791666666668
0 0.228759765625 0.6162109375 0.0234375 0.032552083333333336
0 0.6513671875 0.5904947916666666 0.03515625 0.056640625
0 0.489501953125 0.5914713541666666 0.03515625 0.056640625
0 0.7314453125 0.294921875 0.03515625 0.056640625
0 0.8701171875 0.4046223958333333 0.03515625 0.056640625
0 0.28515625 0.5729166666666666 0.03515625 0.056640625
0 0.1650390625 0.5065104166666666 0.03515625 0.056640625
0 0.56884765625 0.486328125 0.03515625 0.056640625