0 0.07729468599033816 0.05 0.04669887278582931 0.04133333333333333
0 0.4613526570048309 0.09333333333333334 0.030595813204508857 0.029333333333333333
0 0.5040257648953301 0.09733333333333333 0.027375201288244767 0.03333333333333333
0 0.2632850241545894 0.14533333333333334 0.03542673107890499 0.030666666666666665
0 0.17391304347826086 0.19133333333333333 0.04186795491143317 0.036
0 0.09339774557165861 0.23733333333333334 0.03864734299516908 0.04133333333333333
0 0.08293075684380032 0.302 0.027375201288244767 0.02266666666666667
0 0.2665056360708535 0.23 0.037037037037037035 0.036
0 0.3027375201288245 0.272 0.03864734299516908 0.032
0 0.27697262479871176 0.356 0.028985507246376812 0.02
0 0.3421900161030596 0.342 0.027375201288244767 0.02266666666666667
0 0.2665056360708535 0.4086666666666667 0.04186795491143317 0.037333333333333336
0 0.16022544283413848 0.5246666666666666 0.020933977455716585 0.024
0 0.18760064412238325 0.4846666666666667 0.02254428341384863 0.012
0 0.18518518518518517 0.45866666666666667 0.028985507246376812 0.030666666666666665
0 0.20531400966183574 0.41533333333333333 0.017713365539452495 0.018666666666666668
0 0.6175523349436393 0.418 0.03542673107890499 0.034666666666666665
0 0.6859903381642513 0.4126666666666667 0.033816425120772944 0.032
0 0.7528180354267311 0.392 0.027375201288244767 0.029333333333333333
0 0.8454106280193237 0.46066666666666667 0.033816425120772944 0.024
0 0.8341384863123994 0.4246666666666667 0.02576489533011272 0.025333333333333333
0 0.7721417069243156 0.30733333333333335 0.027375201288244767 0.024
0 0.8357487922705314 0.288 0.030595813204508857 0.028
0 0.7818035426731079 0.22666666666666666 0.024154589371980676 0.030666666666666665
0 0.8969404186795491 0.20266666666666666 0.040257648953301126 0.03333333333333333
0 0.6473429951690821 0.176 0.027375201288244767 0.025333333333333333
0 0.6714975845410628 0.14333333333333334 0.027375201288244767 0.029333333333333333
0 0.5966183574879227 0.16866666666666666 0.0322061191626409 0.03333333333333333
0 0.5515297906602254 0.012666666666666666 0.043478260869565216 0.025333333333333333