0 0.639404296875 0.4091796875 0.15234375 0.248046875
0 0.681640625 0.5201822916666666 0.15087890625 0.23763020833333334
0 0.66796875 0.9088541666666666 0.1328125 0.18229166666666666
0 0.607666015625 0.9775390625 0.09716796875 0.044921875
0 0.18994140625 0.06803385416666667 0.05078125 0.08723958333333333
0 0.238037109375 0.70703125 0.275390625 0.4225260416666667
0 0.49951171875 0.3723958333333333 0.275390625 0.4225260416666667
0 0.763671875 0.73046875 0.13427734375 0.193359375
0 0.979736328125 0.3056640625 0.04052734375 0.158203125
0 0.382080078125 0.181640625 0.1376953125 0.21158854166666666
0 0.403076171875 0.349609375 0.1376953125 0.21354166666666666