0 0.6142578125 0.5881076388888888 0.0126953125 0.024305555555555556
0 0.50537109375 0.8055555555555556 0.04541015625 0.07899305555555555
0 0.477783203125 0.7374131944444444 0.017578125 0.033854166666666664
0 0.438720703125 0.7703993055555556 0.01904296875 0.04079861111111111
0 0.64208984375 0.57421875 0.0126953125 0.024305555555555556
0 0.6630859375 0.5881076388888888 0.0126953125 0.024305555555555556
0 0.683837890625 0.58984375 0.0126953125 0.024305555555555556
0 0.876220703125 0.4309895833333333 0.02490234375 0.04774305555555555
0 0.6826171875 0.24739583333333334 0.01513671875 0.027777777777777776
0 0.561767578125 0.5056423611111112 0.0126953125 0.024305555555555556
0 0.586181640625 0.4144965277777778 0.0126953125 0.024305555555555556
0 0.6435546875 0.5190972222222222 0.0126953125 0.024305555555555556
0 0.30908203125 0.6380208333333334 0.0126953125 0.024305555555555556
0 0.57421875 0.6401909722222222 0.0126953125 0.024305555555555556
0 0.452392578125 0.6853298611111112 0.0166015625 0.033854166666666664
0 0.47705078125 0.6106770833333334 0.0126953125 0.024305555555555556
0 0.44091796875 0.4739583333333333 0.0126953125 0.024305555555555556
0 0.41943359375 0.5394965277777778 0.0126953125 0.024305555555555556
0 0.4375 0.4431423611111111 0.0126953125 0.024305555555555556
0 0.359619140625 0.4683159722222222 0.0126953125 0.024305555555555556
0 0.377197265625 0.5516493055555556 0.0126953125 0.024305555555555556
0 0.3974609375 0.4435763888888889 0.0126953125 0.024305555555555556
0 0.44140625 0.5659722222222222 0.0126953125 0.024305555555555556
0 0.542236328125 0.1150173611111111 0.05517578125 0.1232638888888889
0 0.058349609375 0.5868055555555556 0.0126953125 0.024305555555555556
0 0.1259765625 0.6150173611111112 0.0126953125 0.024305555555555556
0 0.140869140625 0.3884548611111111 0.0126953125 0.024305555555555556
0 0.165771484375 0.5872395833333334 0.0126953125 0.024305555555555556
0 0.182373046875 0.5950520833333334 0.0126953125 0.024305555555555556
0 0.2119140625 0.59375 0.0126953125 0.024305555555555556
0 0.20751953125 0.6497395833333334 0.0126953125 0.024305555555555556
0 0.3115234375 0.6701388888888888 0.0126953125 0.024305555555555556
0 0.263916015625 0.6427951388888888 0.0126953125 0.024305555555555556
0 0.2490234375 0.51953125 0.0126953125 0.024305555555555556
0 0.3056640625 0.5451388888888888 0.0126953125 0.024305555555555556
0 0.35009765625 0.6371527777777778 0.0126953125 0.024305555555555556