0 0.10498046875 0.4963343108504399 0.01904296875 0.038856304985337244
0 0.6064453125 0.33651026392961875 0.01904296875 0.038856304985337244
0 0.84326171875 0.3585043988269795 0.01904296875 0.038856304985337244
0 0.99169921875 0.437683284457478 0.01611328125 0.038856304985337244
0 0.93603515625 0.4046920821114369 0.01904296875 0.038856304985337244
0 0.73486328125 0.5542521994134897 0.01904296875 0.038856304985337244
0 0.70849609375 0.437683284457478 0.01904296875 0.038856304985337244
0 0.65283203125 0.24193548387096775 0.0341796875 0.06304985337243402
0 0.060546875 0.47580645161290325 0.03271484375 0.04912023460410557
0 0.3466796875 0.437683284457478 0.02392578125 0.04912023460410557
0 0.3037109375 0.21700879765395895 0.02392578125 0.04912023460410557
0 0.3837890625 0.530791788856305 0.0625 0.12023460410557185