0 0.215087890625 0.4156901041666667 0.048828125 0.07486979166666667
0 0.44677734375 0.6041666666666666 0.06201171875 0.09440104166666667
0 0.467529296875 0.7408854166666666 0.06201171875 0.09440104166666667
0 0.49169921875 0.6614583333333334 0.06201171875 0.09440104166666667
0 0.357666015625 0.6722005208333334 0.06201171875 0.09440104166666667
0 0.088134765625 0.7125651041666666 0.05712890625 0.08854166666666667
0 0.143798828125 0.5791015625 0.04638671875 0.072265625
0 0.350341796875 0.4944661458333333 0.04638671875 0.072265625
0 0.47802734375 0.4775390625 0.04638671875 0.072265625
0 0.596923828125 0.3815104166666667 0.052734375 0.08203125
0 0.542236328125 0.3203125 0.04638671875 0.072265625
0 0.486572265625 0.16764322916666666 0.04638671875 0.072265625
0 0.09814453125 0.2897135416666667 0.04638671875 0.072265625
0 0.53466796875 0.5107421875 0.0283203125 0.043619791666666664
0 0.945556640625 0.2825520833333333 0.013671875 0.020833333333333332
0 0.6494140625 0.3603515625 0.01708984375 0.02734375
0 0.22607421875 0.603515625 0.02294921875 0.031901041666666664
0 0.64892578125 0.59765625 0.0341796875 0.055989583333333336
0 0.487060546875 0.5908203125 0.0341796875 0.055989583333333336
0 0.736572265625 0.3056640625 0.0341796875 0.055989583333333336
0 0.872314453125 0.421875 0.0341796875 0.055989583333333336
0 0.283447265625 0.5628255208333334 0.0341796875 0.055989583333333336
0 0.1650390625 0.4912109375 0.0341796875 0.055989583333333336
0 0.5693359375 0.4895833333333333 0.0341796875 0.055989583333333336