0 0.62060546875 0.3697916666666667 0.11865234375 0.21809895833333334
0 0.680419921875 0.4651692708333333 0.11865234375 0.20768229166666666
0 0.734619140625 0.859375 0.10546875 0.17838541666666666
0 0.690185546875 0.9599609375 0.08642578125 0.07552083333333333
0 0.125 0.17220052083333334 0.03857421875 0.07747395833333333
0 0.27978515625 0.7802734375 0.21923828125 0.3658854166666667
0 0.47802734375 0.3756510416666667 0.21923828125 0.3658854166666667
0 0.7958984375 0.6455078125 0.109375 0.16471354166666666
0 0.96240234375 0.15852864583333334 0.0751953125 0.13932291666666666
0 0.331298828125 0.22526041666666666 0.109375 0.18359375
0 0.380126953125 0.3824869791666667 0.109375 0.185546875