0 0.613525390625 0.3590494791666667 0.1298828125 0.228515625
0 0.67822265625 0.4485677083333333 0.12939453125 0.21809895833333334
0 0.7529296875 0.8365885416666666 0.11474609375 0.1875
0 0.7138671875 0.9410807291666666 0.09033203125 0.08333333333333333
0 0.108642578125 0.2080078125 0.04248046875 0.08072916666666667
0 0.294921875 0.8001302083333334 0.23779296875 0.3854166666666667
0 0.4716796875 0.3779296875 0.23779296875 0.3854166666666667
0 0.802734375 0.6175130208333334 0.11767578125 0.17447916666666666
0 0.943359375 0.1162109375 0.08251953125 0.14583333333333334
0 0.3173828125 0.24153645833333334 0.11865234375 0.193359375
0 0.374267578125 0.3938802083333333 0.11865234375 0.1953125