0 0.26556776556776557 0.33203125 0.041758241758241756 0.03271484375
0 0.9717948717948718 0.1279296875 0.05641025641025641 0.056640625
0 0.42014652014652015 0.4384765625 0.06886446886446887 0.056640625
0 0.5018315018315018 0.50927734375 0.05274725274725275 0.041015625
0 0.4783882783882784 0.67919921875 0.05274725274725275 0.041015625
0 0.8402930402930403 0.373046875 0.05274725274725275 0.041015625
0 0.8824175824175824 0.41748046875 0.05274725274725275 0.041015625
0 0.7934065934065934 0.46826171875 0.05274725274725275 0.041015625
0 0.8835164835164835 0.524658203125 0.05274725274725275 0.041015625
0 0.6091575091575091 0.19775390625 0.05274725274725275 0.041015625
0 0.3637362637362637 0.400390625 0.03956043956043956 0.0263671875
0 0.23113553113553115 0.65625 0.04468864468864469 0.03271484375
0 0.1443223443223443 0.72900390625 0.05274725274725275 0.041015625
0 0.01868131868131868 0.633544921875 0.03736263736263736 0.02978515625
0 0.210989010989011 0.552978515625 0.03956043956043956 0.02978515625
0 0.09963369963369964 0.66259765625 0.03956043956043956 0.02978515625
0 0.4622710622710623 0.599853515625 0.03956043956043956 0.02978515625
0 0.42344322344322344 0.67529296875 0.03956043956043956 0.02978515625
0 0.3183150183150183 0.678466796875 0.03956043956043956 0.02978515625