0 0.17761989342806395 0.36666666666666664 0.047957371225577264 0.04
0 0.29928952042628776 0.21133333333333335 0.021314387211367674 0.017333333333333333
0 0.41651865008880995 0.21133333333333335 0.02664298401420959 0.021333333333333333
0 0.4005328596802842 0.24866666666666667 0.03019538188277087 0.025333333333333333
0 0.4547069271758437 0.286 0.02486678507992895 0.02
0 0.4724689165186501 0.282 0.021314387211367674 0.017333333333333333
0 0.433392539964476 0.32466666666666666 0.021314387211367674 0.02
0 0.44582593250444047 0.32133333333333336 0.02664298401420959 0.028
0 0.46802841918294846 0.31066666666666665 0.019538188277087035 0.014666666666666666
0 0.5186500888099467 0.2926666666666667 0.02664298401420959 0.02666666666666667
0 0.5683836589698046 0.30733333333333335 0.019538188277087035 0.014666666666666666
0 0.5355239786856127 0.29933333333333334 0.019538188277087035 0.014666666666666666
0 0.5293072824156305 0.29333333333333333 0.015985790408525755 0.012
0 0.6714031971580817 0.282 0.04262877442273535 0.032
0 0.633214920071048 0.29733333333333334 0.023090586145648313 0.018666666666666668
0 0.8516873889875666 0.152 0.023090586145648313 0.018666666666666668