0 0.40586080586080586 0.6643869076697606 0.04981684981684982 0.04103566194430874
0 0.3018315018315018 0.5598436736687836 0.08937728937728938 0.07718612603810454
0 0.9223443223443224 0.36541279921836833 0.14358974358974358 0.1519296531509526
0 0.24945054945054945 0.08255984367366878 0.07838827838827839 0.06839276990718124
0 0.5864468864468865 0.6069858329262335 0.06666666666666667 0.05227161700048852
0 0.9113553113553113 0.5261358085002442 0.04981684981684982 0.04103566194430874
0 0.6065934065934065 0.11382510991695163 0.04981684981684982 0.04103566194430874
0 0.558974358974359 0.2747923790913532 0.04981684981684982 0.04103566194430874
0 0.09157509157509157 0.3497801660967269 0.04981684981684982 0.04103566194430874
0 0.8102564102564103 0.32413287738153396 0.04395604395604396 0.032730825598436736
0 0.24322344322344322 0.29433317049340496 0.04981684981684982 0.04103566194430874
0 0.2402930402930403 0.28749389350268684 0.04981684981684982 0.04103566194430874
0 0.16336996336996337 0.592818759159746 0.04981684981684982 0.04103566194430874
0 0.0684981684981685 0.5845139228138739 0.03076923076923077 0.03175378602833415
0 0.7978021978021979 0.5549584758182706 0.04981684981684982 0.04103566194430874
0 0.7842490842490842 0.6726917440156326 0.04981684981684982 0.04103566194430874
0 0.8692307692307693 0.6685393258426966 0.04981684981684982 0.04103566194430874
0 0.6498168498168498 0.6719589643380557 0.04981684981684982 0.04103566194430874
0 0.5978021978021978 0.6949193942354666 0.04981684981684982 0.04103566194430874
0 0.2813186813186813 0.6787982413287739 0.04981684981684982 0.04103566194430874