0 0.11584541062801933 0.026573333333333334 0.04273752012882447 0.038933333333333334
0 0.4952979066022544 0.09233333333333334 0.02871175523349436 0.02824
0 0.538244766505636 0.09856000000000001 0.0249597423510467 0.031786666666666664
0 0.2934943639291465 0.13233333333333333 0.03304347826086956 0.028213333333333333
0 0.20051529790660225 0.1730266666666667 0.03861513687600644 0.033973333333333335
0 0.11632850241545893 0.21454666666666666 0.03573268921095008 0.039933333333333335
0 0.10061191626409018 0.2783333333333333 0.024975845410628018 0.021920000000000002
0 0.2894685990338164 0.21737333333333334 0.03446054750402576 0.0336
0 0.32204508856682773 0.26112 0.03549114331723027 0.030319999999999996
0 0.2898711755233494 0.34374666666666664 0.027004830917874395 0.019146666666666666
0 0.3559742351046699 0.33355999999999997 0.024927536231884057 0.021026666666666666
0 0.27446054750402576 0.39570666666666665 0.039629629629629626 0.03572
0 0.15884057971014492 0.50488 0.0193719806763285 0.02281333333333333
0 0.1893558776167472 0.46643999999999997 0.020966183574879227 0.01124
0 0.18924315619967794 0.4405733333333333 0.026409017713365537 0.02953333333333333
0 0.2132367149758454 0.39819999999999994 0.01647342995169082 0.018426666666666668
0 0.6244605475040258 0.42533333333333334 0.0321256038647343 0.033306666666666665
0 0.692512077294686 0.4238 0.03170692431561997 0.03022666666666667
0 0.7615942028985507 0.40658666666666665 0.024573268921095008 0.02834666666666667
0 0.8478421900161031 0.48090666666666665 0.032093397745571656 0.02282666666666667
0 0.8399838969404186 0.44434666666666667 0.02463768115942029 0.02336
0 0.7875523349436393 0.3238 0.025265700483091787 0.02206666666666667
0 0.8530273752012882 0.30796 0.02790660225442834 0.026359999999999998
0 0.8042995169082126 0.24332 0.021545893719806766 0.02896
0 0.9210789049919484 0.22628 0.0378743961352657 0.030853333333333333
0 0.6738969404186795 0.18536000000000002 0.026215780998389695 0.02357333333333333
0 0.7008856682769726 0.15436 0.025700483091787442 0.027466666666666667
0 0.6242512077294686 0.17525333333333332 0.029227053140096618 0.032253333333333335
0 0.5927053140096619 0.014893333333333333 0.04170692431561997 0.027066666666666666