0 0.113037109375 0.6198680351906158 0.02392578125 0.04398826979472141
0 0.58154296875 0.3068181818181818 0.02392578125 0.04398826979472141
0 0.816162109375 0.25439882697947214 0.02392578125 0.04398826979472141
0 0.972412109375 0.28555718475073316 0.02099609375 0.04325513196480939
0 0.913330078125 0.27052785923753664 0.02392578125 0.04398826979472141
0 0.7373046875 0.4798387096774194 0.02392578125 0.04398826979472141
0 0.6953125 0.37390029325513197 0.02392578125 0.04398826979472141
0 0.61376953125 0.19978005865102638 0.0419921875 0.07258064516129033
0 0.06689453125 0.6136363636363636 0.03857421875 0.05791788856304985
0 0.34130859375 0.4868035190615836 0.0302734375 0.05571847507331378
0 0.268798828125 0.2844574780058651 0.0302734375 0.05571847507331378
0 0.390625 0.5663489736070382 0.07763671875 0.13709677419354838