0 0.234375 0.3385416666666667 0.03955078125 0.06510416666666667
0 0.431640625 0.5872395833333334 0.05029296875 0.08203125
0 0.4306640625 0.7265625 0.05029296875 0.08203125
0 0.466796875 0.6555989583333334 0.05029296875 0.08203125
0 0.333984375 0.62890625 0.05029296875 0.08203125
0 0.06396484375 0.59375 0.0458984375 0.07747395833333333
0 0.13916015625 0.478515625 0.037109375 0.06315104166666667
0 0.3544921875 0.453125 0.037109375 0.06315104166666667
0 0.48193359375 0.4720052083333333 0.037109375 0.06315104166666667
0 0.61328125 0.4108072916666667 0.04248046875 0.07161458333333333
0 0.5693359375 0.3359375 0.037109375 0.06315104166666667
0 0.53857421875 0.17122395833333334 0.037109375 0.06315104166666667
0 0.1396484375 0.18294270833333334 0.037109375 0.06315104166666667
0 0.5322265625 0.5201822916666666 0.02294921875 0.037760416666666664
0 0.9697265625 0.4108072916666667 0.01123046875 0.018229166666666668
0 0.66796875 0.4049479166666667 0.013671875 0.024088541666666668
0 0.2158203125 0.525390625 0.01904296875 0.02734375
0 0.63037109375 0.63671875 0.02685546875 0.049479166666666664
0 0.47314453125 0.5852864583333334 0.02685546875 0.049479166666666664
0 0.76171875 0.3756510416666667 0.02685546875 0.049479166666666664
0 0.87646484375 0.5266927083333334 0.02685546875 0.049479166666666664
0 0.2783203125 0.5013020833333334 0.02685546875 0.049479166666666664
0 0.173828125 0.3984375 0.02685546875 0.049479166666666664
0 0.5693359375 0.5091145833333334 0.02685546875 0.049479166666666664