0 0.6362637362637362 0.501953125 0.03663003663003663 0.02880859375
0 0.8443223443223443 0.435302734375 0.03663003663003663 0.02880859375
0 0.6450549450549451 0.33203125 0.03663003663003663 0.02880859375
0 0.780952380952381 0.1845703125 0.03663003663003663 0.02880859375
0 0.37252747252747254 0.084716796875 0.03663003663003663 0.02880859375
0 0.09963369963369964 0.09130859375 0.03663003663003663 0.02880859375
0 0.7084249084249085 0.3720703125 0.02197802197802198 0.02099609375
0 0.3344322344322344 0.60888671875 0.03663003663003663 0.02880859375
0 0.4457875457875458 0.589599609375 0.03663003663003663 0.02880859375
0 0.42967032967032964 0.533203125 0.03663003663003663 0.02880859375
0 0.3923076923076923 0.545166015625 0.03663003663003663 0.02880859375
0 0.28095238095238095 0.2666015625 0.0761904761904762 0.06005859375
0 0.2772893772893773 0.591796875 0.06446886446886448 0.05126953125
0 0.8051282051282052 0.553466796875 0.03663003663003663 0.02880859375
0 0.8245421245421245 0.602783203125 0.03663003663003663 0.02880859375
0 0.17912087912087912 0.313720703125 0.03663003663003663 0.02880859375
0 0.6483516483516484 0.56494140625 0.03663003663003663 0.02880859375
0 0.4758241758241758 0.49609375 0.03663003663003663 0.02880859375