0 0.37 0.36933333333333335 0.034 0.030666666666666665
0 0.442 0.38466666666666666 0.036 0.024
0 0.49 0.3933333333333333 0.028 0.025333333333333333
0 0.53 0.4066666666666667 0.028 0.025333333333333333
0 0.557 0.404 0.034 0.029333333333333333
0 0.659 0.426 0.05 0.036
0 0.761 0.36666666666666664 0.062 0.04533333333333334
0 0.721 0.30866666666666664 0.066 0.04
0 0.817 0.3293333333333333 0.062 0.048
0 0.977 0.352 0.046 0.072
0 0.948 0.2773333333333333 0.07 0.044
0 0.83 0.16333333333333333 0.076 0.052
0 0.329 0.29533333333333334 0.056 0.04133333333333333
0 0.417 0.23266666666666666 0.078 0.05466666666666667
0 0.563 0.276 0.086 0.052
0 0.434 0.088 0.058 0.04533333333333334
0 0.294 0.018666666666666668 0.048 0.037333333333333336
0 0.611 0.12 0.064 0.04133333333333333
0 0.546 0.22133333333333333 0.042 0.034666666666666665
0 0.45 0.04133333333333333 0.044 0.032