0 0.384981684981685 0.6582804103566194 0.046886446886446886 0.03957010258915486
0 0.2945054945054945 0.5481191988275526 0.08424908424908426 0.07474352711284807
0 0.9358974358974359 0.3903273082559844 0.1282051282051282 0.14753297508549096
0 0.30512820512820515 0.06936980947728383 0.07326007326007326 0.06595017098192477
0 0.5721611721611721 0.6116267708842208 0.063003663003663 0.049829018075232046
0 0.9065934065934066 0.5498290180752321 0.046886446886446886 0.03957010258915486
0 0.6567765567765568 0.1213971665852467 0.046886446886446886 0.03957010258915486
0 0.5882783882783883 0.2789447972642892 0.046886446886446886 0.03957010258915486
0 0.11282051282051282 0.3265754763067904 0.046886446886446886 0.03957010258915486
0 0.8318681318681319 0.3429408891060088 0.041758241758241756 0.03126526624328285
0 0.27106227106227104 0.28016609672691745 0.046886446886446886 0.03957010258915486
0 0.26886446886446885 0.2733268197361993 0.046886446886446886 0.03957010258915486
0 0.15274725274725276 0.5727894479726429 0.046886446886446886 0.03957010258915486
0 0.05934065934065934 0.5591108939912066 0.02857142857142857 0.03126526624328285
0 0.7893772893772893 0.572056668295066 0.046886446886446886 0.03957010258915486
0 0.7608058608058608 0.6885686370297998 0.046886446886446886 0.03957010258915486
0 0.8457875457875458 0.6895456765999023 0.046886446886446886 0.03957010258915486
0 0.6267399267399267 0.680019540791402 0.046886446886446886 0.03957010258915486
0 0.5721611721611721 0.7000488519785051 0.046886446886446886 0.03957010258915486
0 0.25860805860805863 0.6656082071323889 0.046886446886446886 0.03957010258915486