0 0.21916666666666668 0.9158333333333334 0.041666666666666664 0.045
0 0.49666666666666665 0.5083333333333333 0.6983333333333334 0.9316666666666666
0 0.44333333333333336 0.9575 0.04 0.04833333333333333
0 0.5433333333333333 0.9375 0.04 0.04666666666666667
0 0.5875 0.9583333333333334 0.04 0.06
0 0.7825 0.8683333333333333 0.11666666666666667 0.145
0 0.4025 0.9208333333333333 0.04 0.06
0 0.5758333333333333 0.86 0.03333333333333333 0.03666666666666667
0 0.4375 0.9191666666666667 0.03333333333333333 0.03666666666666667
0 0.30416666666666664 0.9516666666666667 0.041666666666666664 0.045
0 0.335 0.85 0.041666666666666664 0.045