0 0.546875 0.43609022556390975 0.0390625 0.11278195488721804
0 0.4015625 0.7631578947368421 0.075 0.19924812030075187
0 0.60078125 0.8703007518796992 0.0421875 0.11278195488721804
0 0.70546875 0.48120300751879697 0.0984375 0.24060150375939848
0 0.6765625 0.806390977443609 0.06875 0.16165413533834586
0 0.66796875 0.9172932330827067 0.0734375 0.16541353383458646
0 0.6828125 0.9868421052631579 0.028125 0.02631578947368421
0 0.57890625 0.9906015037593985 0.0265625 0.018796992481203006
0 0.7453125 0.9191729323308271 0.03125 0.07518796992481203
0 0.7765625 0.9548872180451128 0.05 0.09022556390977443
0 0.8578125 0.5281954887218046 0.284375 0.7406015037593985
0 0.92734375 0.7650375939849624 0.046875 0.10902255639097744
0 0.8828125 0.8853383458646616 0.1125 0.22932330827067668