0 0.1328125 0.47388059701492535 0.196875 0.5335820895522388
0 0.29609375 0.5 0.0984375 0.29850746268656714
0 0.45625 0.5615671641791045 0.0453125 0.12686567164179105
0 0.3359375 0.26865671641791045 0.0421875 0.12313432835820895
0 0.43515625 0.21455223880597016 0.0296875 0.08208955223880597
0 0.56328125 0.28544776119402987 0.0515625 0.15671641791044777
0 0.61171875 0.21082089552238806 0.05 0.14925373134328357
0 0.66484375 0.6511194029850746 0.084375 0.2537313432835821
0 0.91015625 0.5634328358208955 0.0921875 0.24253731343283583
0 0.4484375 0.8656716417910447 0.1359375 0.26865671641791045
0 0.7453125 0.292910447761194 0.053125 0.1455223880597015
0 0.82734375 0.13246268656716417 0.03125 0.09701492537313433
0 0.93203125 0.29850746268656714 0.03125 0.09701492537313433
0 0.871875 0.28171641791044777 0.03125 0.09701492537313433
0 0.8375 0.27425373134328357 0.03125 0.09701492537313433
0 0.73203125 0.503731343283582 0.03125 0.09701492537313433
0 0.69609375 0.48880597014925375 0.03125 0.09701492537313433
0 0.49296875 0.6772388059701493 0.0421875 0.1455223880597015
0 0.43671875 0.7052238805970149 0.0765625 0.17537313432835822