0 0.278125 0.9389671361502347 0.04375 0.06338028169014084
0 0.36015625 0.35093896713615025 0.0453125 0.07981220657276995
0 0.29609375 0.6396713615023474 0.0453125 0.07981220657276995
0 0.3640625 0.6889671361502347 0.0453125 0.07981220657276995
0 0.31796875 0.755868544600939 0.0453125 0.07981220657276995
0 0.38515625 0.7699530516431925 0.0453125 0.07981220657276995
0 0.28125 0.8133802816901409 0.0453125 0.07981220657276995
0 0.15546875 0.8826291079812206 0.0453125 0.07981220657276995
0 0.159375 0.6455399061032864 0.0453125 0.07981220657276995
0 0.215625 0.607981220657277 0.0453125 0.07981220657276995
0 0.15 0.18544600938967137 0.0453125 0.07981220657276995
0 0.23515625 0.2887323943661972 0.0453125 0.07981220657276995
0 0.3078125 0.32981220657276994 0.0453125 0.07981220657276995
0 0.415625 0.22652582159624413 0.0453125 0.07981220657276995
0 0.4109375 0.289906103286385 0.0453125 0.07981220657276995
0 0.54453125 0.24530516431924881 0.0453125 0.07981220657276995
0 0.5859375 0.29577464788732394 0.0453125 0.07981220657276995
0 0.74765625 0.16549295774647887 0.0453125 0.07981220657276995
0 0.67578125 0.09741784037558686 0.05625 0.10328638497652583
0 0.6078125 0.13615023474178403 0.046875 0.0892018779342723
0 0.09921875 0.14553990610328638 0.046875 0.09154929577464789
0 0.08359375 0.06103286384976526 0.0703125 0.12206572769953052
0 0.415625 0.5833333333333334 0.0453125 0.07981220657276995
0 0.38359375 0.613849765258216 0.0453125 0.07981220657276995
0 0.50703125 0.5492957746478874 0.0453125 0.07981220657276995
0 0.53125 0.4823943661971831 0.0453125 0.07981220657276995
0 0.3609375 0.47417840375586856 0.0453125 0.07981220657276995
0 0.6984375 0.7406103286384976 0.0453125 0.07981220657276995
0 0.68359375 0.6338028169014085 0.0453125 0.07981220657276995
0 0.8296875 0.15258215962441316 0.0578125 0.10093896713615023
0 0.80390625 0.10093896713615023 0.0515625 0.10093896713615023
0 0.63671875 0.1467136150234742 0.0453125 0.07981220657276995
0 0.5171875 0.45539906103286387 0.0453125 0.07981220657276995
0 0.221875 0.931924882629108 0.04375 0.06103286384976526
0 0.02421875 0.8591549295774648 0.0453125 0.07981220657276995
0 0.525 0.8802816901408451 0.0453125 0.07981220657276995
0 0.53828125 0.7276995305164319 0.0453125 0.07981220657276995
0 0.55859375 0.8274647887323944 0.0453125 0.07981220657276995
0 0.65078125 0.926056338028169 0.0453125 0.07981220657276995
0 0.64140625 0.9788732394366197 0.0453125 0.04225352112676056
0 0.78515625 0.9671361502347418 0.0453125 0.06572769953051644
0 0.56796875 0.9683098591549296 0.0453125 0.06338028169014084
0 0.5296875 0.9753521126760564 0.04375 0.04929577464788732
0 0.49453125 0.9624413145539906 0.0453125 0.07511737089201878
0 0.25703125 0.8908450704225352 0.0453125 0.07981220657276995
0 0.334375 0.2546948356807512 0.0671875 0.10328638497652583
0 0.29140625 0.3755868544600939 0.0453125 0.07981220657276995
0 0.29296875 0.09624413145539906 0.0453125 0.07981220657276995
0 0.68671875 0.9131455399061033 0.0453125 0.07981220657276995
0 0.2765625 0.4565727699530516 0.078125 0.12441314553990611
0 0.28828125 0.028169014084507043 0.0765625 0.056338028169014086
0 0.93828125 0.9424882629107981 0.0734375 0.11502347417840375
0 0.5109375 0.6502347417840375 0.1046875 0.1784037558685446
0 0.45546875 0.8838028169014085 0.0984375 0.19483568075117372
0 0.234375 0.18427230046948356 0.078125 0.12441314553990611