0 0.29921875 0.9612676056338029 0.0421875 0.05868544600938967
0 0.35390625 0.36502347417840375 0.0421875 0.07511737089201878
0 0.303125 0.6607981220657277 0.0421875 0.07511737089201878
0 0.3734375 0.7018779342723005 0.0421875 0.07511737089201878
0 0.33046875 0.7746478873239436 0.0421875 0.07511737089201878
0 0.3984375 0.7816901408450704 0.0421875 0.07511737089201878
0 0.29609375 0.8356807511737089 0.0421875 0.07511737089201878
0 0.1734375 0.9178403755868545 0.0421875 0.07511737089201878
0 0.16640625 0.6807511737089202 0.0421875 0.07511737089201878
0 0.221875 0.6384976525821596 0.0421875 0.07511737089201878
0 0.1359375 0.22300469483568075 0.0421875 0.07511737089201878
0 0.22578125 0.31690140845070425 0.0421875 0.07511737089201878
0 0.3 0.35093896713615025 0.0421875 0.07511737089201878
0 0.403125 0.23708920187793428 0.0421875 0.07511737089201878
0 0.4015625 0.2992957746478873 0.0421875 0.07511737089201878
0 0.5328125 0.24061032863849766 0.0421875 0.07511737089201878
0 0.57578125 0.2863849765258216 0.0421875 0.07511737089201878
0 0.73125 0.1396713615023474 0.0421875 0.07511737089201878
0 0.65703125 0.07981220657276995 0.0515625 0.09859154929577464
0 0.590625 0.1255868544600939 0.0421875 0.08450704225352113
0 0.08359375 0.18779342723004694 0.0421875 0.08685446009389672
0 0.0640625 0.1056338028169014 0.065625 0.11737089201877934
0 0.41953125 0.5915492957746479 0.0421875 0.07511737089201878
0 0.3890625 0.6255868544600939 0.0421875 0.07511737089201878
0 0.509375 0.5481220657276995 0.0421875 0.07511737089201878
0 0.53046875 0.4788732394366197 0.0421875 0.07511737089201878
0 0.36015625 0.4894366197183099 0.0421875 0.07511737089201878
0 0.709375 0.7183098591549296 0.0421875 0.07511737089201878
0 0.68984375 0.6150234741784038 0.0421875 0.07511737089201878
0 0.81328125 0.11854460093896714 0.053125 0.09624413145539906
0 0.784375 0.06924882629107981 0.046875 0.09624413145539906
0 0.6203125 0.13262910798122066 0.0421875 0.07511737089201878
0 0.51484375 0.45422535211267606 0.0421875 0.07511737089201878
0 0.2421875 0.960093896713615 0.0421875 0.056338028169014086
0 0.0421875 0.9084507042253521 0.0421875 0.07511737089201878
0 0.54296875 0.8767605633802817 0.0421875 0.07511737089201878
0 0.5484375 0.7230046948356808 0.0421875 0.07511737089201878
0 0.57421875 0.8204225352112676 0.0421875 0.07511737089201878
0 0.6703125 0.9096244131455399 0.0421875 0.07511737089201878
0 0.66328125 0.971830985915493 0.0421875 0.056338028169014086
0 0.80703125 0.9436619718309859 0.0421875 0.07511737089201878
0 0.58984375 0.9647887323943662 0.0421875 0.07042253521126761
0 0.55234375 0.9753521126760564 0.0421875 0.04929577464788732
0 0.51484375 0.9636150234741784 0.0421875 0.07276995305164319
0 0.27578125 0.9154929577464789 0.0421875 0.07511737089201878
0 0.3234375 0.27230046948356806 0.0625 0.09624413145539906
0 0.2859375 0.397887323943662 0.0421875 0.07511737089201878
0 0.275 0.11971830985915492 0.0421875 0.07511737089201878
0 0.7046875 0.892018779342723 0.0421875 0.07511737089201878
0 0.275 0.4800469483568075 0.0734375 0.11971830985915492
0 0.265625 0.03755868544600939 0.071875 0.07511737089201878
0 0.95859375 0.9190140845070423 0.0671875 0.15258215962441316
0 0.51796875 0.6490610328638498 0.096875 0.16901408450704225
0 0.47265625 0.8873239436619719 0.090625 0.18779342723004694
0 0.2203125 0.21244131455399062 0.0734375 0.11971830985915492