0 0.31015625 0.971830985915493 0.040625 0.056338028169014086
0 0.35078125 0.3732394366197183 0.040625 0.07276995305164319
0 0.30703125 0.6713615023474179 0.040625 0.07276995305164319
0 0.378125 0.7089201877934272 0.040625 0.07276995305164319
0 0.33671875 0.7828638497652582 0.040625 0.07276995305164319
0 0.4046875 0.7863849765258216 0.040625 0.07276995305164319
0 0.30390625 0.846244131455399 0.040625 0.07276995305164319
0 0.18359375 0.9342723004694836 0.040625 0.07276995305164319
0 0.17109375 0.6983568075117371 0.040625 0.07276995305164319
0 0.225 0.6525821596244131 0.040625 0.07276995305164319
0 0.1296875 0.24178403755868544 0.040625 0.07276995305164319
0 0.221875 0.33098591549295775 0.040625 0.07276995305164319
0 0.296875 0.3615023474178404 0.040625 0.07276995305164319
0 0.396875 0.24178403755868544 0.040625 0.07276995305164319
0 0.396875 0.3051643192488263 0.040625 0.07276995305164319
0 0.5265625 0.23943661971830985 0.040625 0.07276995305164319
0 0.57109375 0.2828638497652582 0.040625 0.07276995305164319
0 0.72265625 0.12793427230046947 0.040625 0.07276995305164319
0 0.646875 0.0715962441314554 0.05 0.09624413145539906
0 0.58203125 0.12089201877934272 0.040625 0.08215962441314555
0 0.0765625 0.21009389671361503 0.040625 0.08450704225352113
0 0.05546875 0.12910798122065728 0.0625 0.11502347417840375
0 0.421875 0.596244131455399 0.040625 0.07276995305164319
0 0.3921875 0.6314553990610329 0.040625 0.07276995305164319
0 0.51015625 0.5481220657276995 0.040625 0.07276995305164319
0 0.5296875 0.47769953051643194 0.040625 0.07276995305164319
0 0.36015625 0.4964788732394366 0.040625 0.07276995305164319
0 0.7140625 0.7077464788732394 0.040625 0.07276995305164319
0 0.6921875 0.6044600938967136 0.040625 0.07276995305164319
0 0.80390625 0.10211267605633803 0.0515625 0.09389671361502347
0 0.77421875 0.05516431924882629 0.0453125 0.09389671361502347
0 0.61171875 0.1267605633802817 0.040625 0.07276995305164319
0 0.5140625 0.45305164319248825 0.040625 0.07276995305164319
0 0.253125 0.9730046948356808 0.040625 0.0539906103286385
0 0.0515625 0.931924882629108 0.040625 0.07276995305164319
0 0.5515625 0.8744131455399061 0.040625 0.07276995305164319
0 0.55390625 0.7206572769953051 0.040625 0.07276995305164319
0 0.58125 0.8169014084507042 0.040625 0.07276995305164319
0 0.6796875 0.9002347417840375 0.040625 0.07276995305164319
0 0.675 0.9683098591549296 0.040625 0.06338028169014084
0 0.8171875 0.9272300469483568 0.040625 0.07276995305164319
0 0.6015625 0.9636150234741784 0.040625 0.07276995305164319
0 0.5640625 0.9741784037558685 0.040625 0.051643192488262914
0 0.5265625 0.9636150234741784 0.040625 0.07276995305164319
0 0.2859375 0.9272300469483568 0.040625 0.07276995305164319
0 0.31796875 0.28169014084507044 0.0609375 0.09389671361502347
0 0.28359375 0.4096244131455399 0.040625 0.07276995305164319
0 0.26640625 0.13145539906103287 0.040625 0.07276995305164319
0 0.7140625 0.8814553990610329 0.040625 0.07276995305164319
0 0.275 0.49178403755868544 0.0703125 0.11502347417840375
0 0.25546875 0.04342723004694836 0.0703125 0.08685446009389672
0 0.96796875 0.8943661971830986 0.0640625 0.15023474178403756
0 0.52109375 0.647887323943662 0.09375 0.1643192488262911
0 0.48203125 0.8884976525821596 0.0859375 0.18309859154929578
0 0.2140625 0.22769953051643194 0.0703125 0.11502347417840375