0 0.7421875 0.928235294117647 0.0375 0.07058823529411765
0 0.125 0.3564705882352941 0.1390625 0.24
0 0.3671875 0.49058823529411766 0.071875 0.1411764705882353
0 0.2203125 0.7529411764705882 0.0515625 0.12
0 0.4546875 0.3811764705882353 0.0953125 0.2447058823529412
0 0.51953125 0.4294117647058823 0.046875 0.11294117647058824
0 0.46640625 0.5694117647058824 0.0671875 0.16941176470588235
0 0.46875 0.8305882352941176 0.059375 0.13176470588235295
0 0.521875 0.7588235294117647 0.0609375 0.13176470588235295
0 0.6125 0.8823529411764706 0.0390625 0.08470588235294117
0 0.6921875 0.6541176470588236 0.0390625 0.09411764705882353
0 0.77890625 0.8823529411764706 0.0296875 0.05647058823529412
0 0.6953125 0.4223529411764706 0.234375 0.4