0 0.72109375 0.13348946135831383 0.0453125 0.08196721311475409
0 0.25625 0.5737704918032787 0.03125 0.05152224824355972
0 0.21171875 0.5995316159250585 0.03125 0.05152224824355972
0 0.1375 0.43676814988290397 0.03125 0.05152224824355972
0 0.2640625 0.5128805620608899 0.03125 0.05152224824355972
0 0.52421875 0.6405152224824356 0.03125 0.05152224824355972
0 0.84921875 0.6627634660421545 0.03125 0.05152224824355972
0 0.7828125 0.6381733021077284 0.03125 0.05152224824355972
0 0.38203125 0.711943793911007 0.03125 0.05152224824355972
0 0.64921875 0.6147540983606558 0.03125 0.05152224824355972
0 0.58359375 0.6978922716627635 0.03125 0.05152224824355972
0 0.46796875 0.4847775175644028 0.021875 0.0351288056206089
0 0.42421875 0.5667447306791569 0.021875 0.0351288056206089
0 0.315625 0.6370023419203747 0.021875 0.0351288056206089
0 0.915625 0.531615925058548 0.0453125 0.08196721311475409
0 0.2453125 0.7002341920374707 0.021875 0.0351288056206089
0 0.40390625 0.7634660421545667 0.021875 0.0351288056206089
0 0.67109375 0.5608899297423887 0.021875 0.0351288056206089
0 0.665625 0.4262295081967213 0.03125 0.05152224824355972