0 0.40546875 0.7825059101654847 0.078125 0.1607565011820331
0 0.590625 0.1536643026004728 0.078125 0.13947990543735225
0 0.46953125 0.06855791962174941 0.078125 0.13711583924349882
0 0.75078125 0.1690307328605201 0.078125 0.1607565011820331
0 0.89375 0.13002364066193853 0.078125 0.13947990543735225
0 0.63046875 0.599290780141844 0.078125 0.13947990543735225
0 0.3953125 0.5945626477541371 0.0609375 0.10401891252955082
0 0.3 0.5401891252955082 0.0609375 0.10401891252955082
0 0.475 0.7198581560283688 0.0609375 0.1347517730496454
0 0.87109375 0.6040189125295509 0.046875 0.08274231678486997
0 0.90078125 0.5130023640661938 0.03125 0.06619385342789598
0 0.93515625 0.5283687943262412 0.03125 0.06619385342789598
0 0.9625 0.7884160756501182 0.03125 0.06619385342789598
0 0.63828125 0.3262411347517731 0.03125 0.061465721040189124
0 0.6625 0.2281323877068558 0.03125 0.054373522458628844
0 0.92265625 0.2576832151300236 0.03125 0.0591016548463357
0 0.94765625 0.23522458628841608 0.03125 0.05673758865248227
0 0.4296875 0.4645390070921986 0.0390625 0.07565011820330969
0 0.33671875 0.6737588652482269 0.0375 0.07328605200945626
0 0.078125 0.2127659574468085 0.046875 0.09692671394799054
0 0.29296875 0.35697399527186763 0.03125 0.06382978723404255
0 0.4015625 0.3735224586288416 0.03125 0.05200945626477541
0 0.55234375 0.7281323877068558 0.03125 0.05200945626477541
0 0.2703125 0.6678486997635934 0.03125 0.05200945626477541
0 0.1609375 0.4799054373522459 0.171875 0.3309692671394799
0 0.35078125 0.26004728132387706 0.1484375 0.31678486997635935
0 0.2125 0.23167848699763594 0.0375 0.07328605200945626
0 0.74453125 0.5070921985815603 0.171875 0.3475177304964539
0 0.84375 0.3037825059101655 0.1109375 0.21749408983451538
0 0.55703125 0.5803782505910166 0.1109375 0.21749408983451538
0 0.53515625 0.34515366430260047 0.1109375 0.18912529550827423
0 0.13828125 0.15011820330969267 0.0921875 0.17494089834515367