0 0.17109375 0.5188235294117647 0.3421875 0.6282352941176471
0 0.52109375 0.3023529411764706 0.221875 0.38823529411764707
0 0.6734375 0.1411764705882353 0.040625 0.07764705882352942
0 0.78203125 0.7352941176470589 0.3109375 0.5294117647058824
0 0.5890625 0.37058823529411766 0.0296875 0.05647058823529412
0 0.61875 0.26588235294117646 0.01875 0.04
0 0.8859375 0.3611764705882353 0.0140625 0.02823529411764706
0 0.89609375 0.38941176470588235 0.021875 0.04
0 0.7640625 0.30823529411764705 0.015625 0.023529411764705882
0 0.775 0.31882352941176473 0.0109375 0.01647058823529412
0 0.77109375 0.3376470588235294 0.015625 0.023529411764705882
0 0.746875 0.3941176470588235 0.015625 0.023529411764705882
0 0.72109375 0.33647058823529413 0.015625 0.023529411764705882
0 0.70859375 0.3611764705882353 0.015625 0.02588235294117647
0 0.86953125 0.4188235294117647 0.0234375 0.03764705882352941