0 0.02109375 0.6194029850746269 0.0421875 0.14925373134328357
0 0.84140625 0.19776119402985073 0.05625 0.11940298507462686
0 0.83984375 0.4944029850746269 0.240625 0.6455223880597015
0 0.55234375 0.6436567164179104 0.0453125 0.1044776119402985
0 0.5953125 0.6268656716417911 0.040625 0.1044776119402985
0 0.37578125 0.7779850746268657 0.059375 0.14925373134328357
0 0.64609375 0.6026119402985075 0.059375 0.14925373134328357
0 0.54296875 0.5223880597014925 0.059375 0.14925373134328357
0 0.30859375 0.5018656716417911 0.059375 0.14925373134328357
0 0.1890625 0.6996268656716418 0.059375 0.14925373134328357
0 0.13828125 0.667910447761194 0.059375 0.14925373134328357
0 0.55625 0.7649253731343284 0.059375 0.14925373134328357
0 0.5765625 0.9496268656716418 0.071875 0.10074626865671642
0 0.246875 0.8041044776119403 0.0984375 0.208955223880597
0 0.19765625 0.33955223880597013 0.140625 0.34328358208955223
0 0.44140625 0.542910447761194 0.10625 0.29850746268656714