0 0.20585454545454546 0.47240437158469945 0.4117090909090909 0.8002732240437158
0 0.5022545454545455 0.16218579234972677 0.05203636363636364 0.07754098360655737
0 0.4451636363636364 0.273224043715847 0.0528 0.10224043715846995
0 0.40174545454545457 0.497103825136612 0.20996363636363638 0.41950819672131145
0 0.4134909090909091 0.6997814207650274 0.09734545454545454 0.16568306010928963
0 0.38181818181818183 0.7712021857923497 0.07858181818181818 0.10049180327868852
0 0.03461818181818182 0.552622950819672 0.033999999999999996 0.12163934426229508
0 0.09559999999999999 0.6442622950819672 0.043418181818181814 0.10049180327868852
0 0.009963636363636364 0.6874863387978142 0.012909090909090908 0.08459016393442623
0 0.5671636363636363 0.8381967213114754 0.026981818181818183 0.0017486338797814208
0 0.5466181818181818 0.7262295081967214 0.12199999999999998 0.27497267759562843
0 0.5894545454545455 0.5808196721311476 0.04574545454545455 0.06524590163934425
0 0.5161454545454546 0.4636065573770492 0.042218181818181814 0.07754098360655737
0 0.5724363636363636 0.41158469945355186 0.05865454545454545 0.12868852459016394
0 0.6592363636363636 0.37459016393442623 0.030509090909090913 0.058196721311475415
0 0.7173090909090909 0.17978142076502732 0.05043636363636363 0.10224043715846995
0 0.7841818181818182 0.0969398907103825 0.15130909090909092 0.193879781420765
0 0.8152363636363636 0.41158469945355186 0.2463272727272727 0.4565573770491803
0 0.6733090909090909 0.52 0.11963636363636364 0.28202185792349727
0 0.8170181818181819 0.6504371584699453 0.09501818181818182 0.14808743169398908
0 0.8950181818181818 0.681311475409836 0.08916363636363636 0.13218579234972677
0 0.9049818181818182 0.5279234972677596 0.10909090909090909 0.21683060109289617
0 0.9648 0.7949726775956284 0.031672727272727276 0.06344262295081966
0 0.8105454545454546 0.8707650273224044 0.023454545454545454 0.052896174863387976
0 0.7994181818181818 0.8998907103825137 0.033999999999999996 0.051092896174863386
0 0.7829818181818181 0.8126229508196722 0.02229090909090909 0.03879781420765027
0 0.7647999999999999 0.8258469945355191 0.025818181818181817 0.0546448087431694
0 0.7272727272727273 0.8381967213114754 0.04690909090909091 0.10398907103825138
0 0.6750909090909091 0.7844262295081967 0.031672727272727276 0.05639344262295082
0 0.7312363636363637 0.6420218579234972 0.032545454545454544 0.06420765027322405
0 0.16694545454545454 0.7491803278688525 0.0704 0.16081967213114753