0 0.2290909090909091 0.5519125683060109 0.4581818181818182 0.8961748633879781
0 0.46 0.16666666666666666 0.06181818181818182 0.09289617486338798
0 0.41818181818181815 0.2923497267759563 0.06545454545454546 0.11475409836065574
0 0.4036363636363636 0.5245901639344263 0.2581818181818182 0.46994535519125685
0 0.44 0.7213114754098361 0.11636363636363636 0.1912568306010929
0 0.41818181818181815 0.8005464480874317 0.09090909090909091 0.12021857923497267
0 0.04909090909090909 0.6857923497267759 0.04727272727272727 0.13114754098360656
0 0.12181818181818181 0.7568306010928961 0.05454545454545454 0.1092896174863388
0 0.04363636363636364 0.825136612021858 0.02181818181818182 0.08743169398907104
0 0.6090909090909091 0.8114754098360656 0.025454545454545455 0.01092896174863388
0 0.5745454545454546 0.7076502732240437 0.15636363636363637 0.30601092896174864
0 0.5981818181818181 0.5546448087431693 0.05454545454545454 0.07650273224043716
0 0.5109090909090909 0.45901639344262296 0.05090909090909091 0.08743169398907104
0 0.56 0.39344262295081966 0.07272727272727272 0.14207650273224043
0 0.64 0.33060109289617484 0.03636363636363636 0.06557377049180328
0 0.6727272727272727 0.12295081967213115 0.06181818181818182 0.11475409836065574
0 0.7272727272727273 0.06830601092896176 0.17454545454545456 0.1366120218579235
0 0.7981818181818182 0.3224043715846995 0.29818181818181816 0.5191256830601093
0 0.6727272727272727 0.46994535519125685 0.15272727272727274 0.3114754098360656
0 0.8309090909090909 0.5573770491803278 0.11272727272727273 0.17486338797814208
0 0.9109090909090909 0.5655737704918032 0.10545454545454545 0.15300546448087432
0 0.9018181818181819 0.412568306010929 0.13454545454545455 0.2459016393442623
0 0.9872727272727273 0.6530054644808743 0.025454545454545455 0.07103825136612021
0 0.8527272727272728 0.7759562841530054 0.02909090909090909 0.060109289617486336
0 0.8454545454545455 0.8060109289617486 0.04 0.060109289617486336
0 0.8181818181818182 0.726775956284153 0.025454545454545455 0.04371584699453552
0 0.8018181818181818 0.7431693989071039 0.03272727272727273 0.060109289617486336
0 0.7654545454545455 0.76775956284153 0.05818181818181818 0.11475409836065574
0 0.7072727272727273 0.7295081967213115 0.04 0.06557377049180328
0 0.7454545454545455 0.5737704918032787 0.04 0.07103825136612021
0 0.20545454545454545 0.8387978142076503 0.09090909090909091 0.18032786885245902