0 0.6506211180124224 0.45222929936305734 0.059006211180124224 0.14012738853503184
0 0.6366459627329193 0.7070063694267515 0.13354037267080746 0.3375796178343949
0 0.5139751552795031 0.6273885350318471 0.09316770186335403 0.2229299363057325
0 0.40683229813664595 0.2229299363057325 0.07453416149068323 0.18471337579617833
0 0.34937888198757766 0.5063694267515924 0.09937888198757763 0.21656050955414013
0 0.040372670807453416 0.5159235668789809 0.049689440993788817 0.10828025477707007
0 0.4052795031055901 0.7197452229299363 0.10248447204968944 0.2356687898089172
0 0.43167701863354035 0.5955414012738853 0.07453416149068323 0.19745222929936307
0 0.29347826086956524 0.35987261146496813 0.034161490683229816 0.07643312101910828
0 0.358695652173913 0.3662420382165605 0.055900621118012424 0.11464968152866242
0 0.5667701863354038 0.34394904458598724 0.034161490683229816 0.07643312101910828
0 0.2391304347826087 0.1942675159235669 0.10559006211180125 0.17834394904458598