0 0.6459627329192547 0.5955414012738853 0.059006211180124224 0.1337579617834395
0 0.5745341614906833 0.8121019108280255 0.13354037267080746 0.3375796178343949
0 0.484472049689441 0.6273885350318471 0.09316770186335403 0.2229299363057325
0 0.4782608695652174 0.16878980891719744 0.07142857142857142 0.18471337579617833
0 0.36335403726708076 0.3662420382165605 0.09627329192546584 0.21656050955414013
0 0.08540372670807453 0.08598726114649681 0.049689440993788817 0.10828025477707007
0 0.36645962732919257 0.60828025477707 0.09937888198757763 0.2356687898089172
0 0.41770186335403725 0.5222929936305732 0.07453416149068323 0.1910828025477707
0 0.34782608695652173 0.18471337579617833 0.031055900621118012 0.07643312101910828
0 0.4052795031055901 0.2484076433121019 0.055900621118012424 0.11464968152866242
0 0.593167701863354 0.42038216560509556 0.034161490683229816 0.07643312101910828
0 0.33540372670807456 0.03503184713375796 0.10559006211180125 0.07006369426751592