0 0.6736334405144695 0.7901234567901234 0.08681672025723473 0.18518518518518517
0 0.8729903536977492 0.8858024691358025 0.08038585209003216 0.1728395061728395
0 0.9340836012861736 0.7530864197530864 0.09967845659163987 0.20987654320987653
0 0.41961414790996787 0.8981481481481481 0.08681672025723473 0.18518518518518517
0 0.6045016077170418 0.9506172839506173 0.08360128617363344 0.09876543209876543
0 0.23633440514469453 0.7654320987654321 0.05144694533762058 0.12345679012345678
0 0.8392282958199357 0.41975308641975306 0.29260450160771706 0.6666666666666666
0 0.40192926045016075 0.7654320987654321 0.04180064308681672 0.09259259259259259
0 0.4565916398713826 0.7530864197530864 0.05144694533762058 0.11728395061728394
0 0.5836012861736335 0.5833333333333334 0.05144694533762058 0.11728395061728394
0 0.5128617363344051 0.44753086419753085 0.04180064308681672 0.08024691358024691
0 0.5080385852090032 0.9104938271604939 0.08038585209003216 0.17901234567901234
0 0.5128617363344051 0.9444444444444444 0.06752411575562701 0.1111111111111111
0 0.6237942122186495 0.8611111111111112 0.04180064308681672 0.09259259259259259
0 0.46141479099678456 0.9228395061728395 0.04501607717041801 0.10493827160493827
0 0.5434083601286174 0.9382716049382716 0.06430868167202572 0.12345679012345678