0 0.056640625 0.21363636363636362 0.080078125 0.22987012987012986
0 0.10595703125 0.09805194805194806 0.0400390625 0.05714285714285714
0 0.15234375 0.3012987012987013 0.21484375 0.32857142857142857
0 0.11181640625 0.4551948051948052 0.083984375 0.10909090909090909
0 0.25634765625 0.052597402597402594 0.025390625 0.03896103896103896
0 0.33349609375 0.31363636363636366 0.2685546875 0.3922077922077922
0 0.5029296875 0.39675324675324675 0.2353515625 0.35194805194805195
0 0.736328125 0.4448051948051948 0.263671875 0.37922077922077924
0 0.68505859375 0.2331168831168831 0.056640625 0.07922077922077922
0 0.75830078125 0.17597402597402598 0.1962890625 0.2571428571428571
0 0.765625 0.5902597402597403 0.083984375 0.07272727272727272
0 0.8779296875 0.17077922077922078 0.1591796875 0.2064935064935065
0 0.8388671875 0.29545454545454547 0.0927734375 0.12077922077922078
0 0.861328125 0.6058441558441559 0.08203125 0.07272727272727272
0 0.986328125 0.5461038961038961 0.02734375 0.1
0 0.2001953125 0.5688311688311688 0.2353515625 0.2909090909090909
0 0.255859375 0.05779220779220779 0.033203125 0.048051948051948054
0 0.68359375 0.24025974025974026 0.060546875 0.1012987012987013
0 0.837890625 0.29415584415584417 0.0908203125 0.12337662337662338
0 0.986328125 0.5441558441558442 0.02734375 0.10909090909090909