0 0.6274739583333333 0.3544921875 0.09375 0.0869140625
0 0.022135416666666668 0.77392578125 0.020833333333333332 0.0205078125
0 0.3463541666666667 0.72021484375 0.036458333333333336 0.03515625
0 0.37109375 0.765625 0.057291666666666664 0.041015625
0 0.3697916666666667 0.646484375 0.014322916666666666 0.013671875
0 0.4140625 0.66064453125 0.01171875 0.0146484375
0 0.4876302083333333 0.4306640625 0.02734375 0.02734375
0 0.578125 0.72802734375 0.028645833333333332 0.037109375
0 0.6302083333333334 0.45166015625 0.06640625 0.064453125
0 0.6451822916666666 0.623046875 0.018229166666666668 0.0224609375
0 0.8776041666666666 0.24853515625 0.05859375 0.056640625
0 0.9869791666666666 0.66064453125 0.013020833333333334 0.0126953125