0 0.60595703125 0.30600292825768666 0.1259765625 0.2005856515373353
0 0.2509765625 0.9092240117130308 0.0654296875 0.13469985358711567
0 0.34228515625 0.45900439238653 0.017578125 0.03806734992679356
0 0.4013671875 0.8557833089311859 0.009765625 0.01903367496339678
0 0.462890625 0.5856515373352855 0.0234375 0.0424597364568082
0 0.4755859375 0.8887262079062958 0.0146484375 0.02635431918008785
0 0.55078125 0.7774524158125915 0.0185546875 0.032210834553440704
0 0.5576171875 0.9904831625183016 0.0126953125 0.014641288433382138
0 0.568359375 0.8931185944363104 0.0078125 0.008784773060029283
0 0.69873046875 0.46486090775988287 0.009765625 0.016105417276720352
0 0.78515625 0.6544655929721815 0.04296875 0.07759882869692533