0 0.62109375 0.32650073206442165 0.1416015625 0.2225475841874085
0 0.2197265625 0.8609077598828697 0.076171875 0.14494875549048317
0 0.3466796875 0.43045387994143486 0.0205078125 0.040995607613469986
0 0.373046875 0.835285505124451 0.01171875 0.020497803806734993
0 0.4560546875 0.5783308931185944 0.0263671875 0.04685212298682284
0 0.4443359375 0.8814055636896047 0.0166015625 0.029282576866764276
0 0.52783203125 0.7847730600292826 0.021484375 0.03513909224011713
0 0.5166015625 0.9941434846266471 0.013671875 0.01171303074670571
0 0.5361328125 0.9026354319180088 0.0087890625 0.010248901903367497
0 0.7001953125 0.5014641288433382 0.0107421875 0.017569546120058566
0 0.7705078125 0.705710102489019 0.048828125 0.0849194729136164