0 0.38515625 0.46770833333333334 0.0484375 0.08958333333333333
0 0.0765625 0.49583333333333335 0.05625 0.08125
0 0.11484375 0.4635416666666667 0.046875 0.0625
0 0.1109375 0.534375 0.0765625 0.10833333333333334
0 0.22109375 0.48333333333333334 0.0546875 0.075
0 0.23984375 0.50625 0.1078125 0.13541666666666666
0 0.08515625 0.8072916666666666 0.071875 0.11875
0 0.159375 0.8041666666666667 0.040625 0.06041666666666667
0 0.18203125 0.871875 0.0390625 0.05625
0 0.234375 0.8822916666666667 0.034375 0.06041666666666667
0 0.31328125 0.6416666666666667 0.0578125 0.10833333333333334
0 0.36796875 0.690625 0.046875 0.08333333333333333
0 0.33828125 0.8072916666666666 0.0875 0.17291666666666666
0 0.48359375 0.16770833333333332 0.05 0.08958333333333333
0 0.50390625 0.425 0.1390625 0.22083333333333333
0 0.55234375 0.775 0.025 0.0375
0 0.54765625 0.29791666666666666 0.0515625 0.0625
0 0.725 0.26875 0.0625 0.09583333333333334
0 0.62265625 0.4 0.0453125 0.07916666666666666
0 0.70078125 0.4479166666666667 0.0671875 0.08541666666666667
0 0.88671875 0.3416666666666667 0.071875 0.10625
0 0.634375 0.91875 0.0625 0.08958333333333333
0 0.6765625 0.5864583333333333 0.0734375 0.1
0 0.70859375 0.8166666666666667 0.1859375 0.36666666666666664
0 0.803125 0.6947916666666667 0.34375 0.6104166666666667
0 0.86015625 0.8760416666666667 0.0625 0.09583333333333334