0 0.38671875 0.459375 0.0515625 0.09166666666666666
0 0.07734375 0.4666666666666667 0.0578125 0.08541666666666667
0 0.11640625 0.4375 0.0484375 0.06458333333333334
0 0.11015625 0.5072916666666667 0.0796875 0.1125
0 0.221875 0.4635416666666667 0.0578125 0.07916666666666666
0 0.23984375 0.48854166666666665 0.1109375 0.14166666666666666
0 0.07421875 0.778125 0.0765625 0.12291666666666666
0 0.14765625 0.7802083333333333 0.0421875 0.0625
0 0.16796875 0.85 0.0421875 0.058333333333333334
0 0.21953125 0.8635416666666667 0.0359375 0.0625
0 0.3078125 0.628125 0.0609375 0.11041666666666666
0 0.3609375 0.68125 0.0484375 0.08541666666666667
0 0.3265625 0.7958333333333333 0.09375 0.17708333333333334
0 0.496875 0.16666666666666666 0.053125 0.09166666666666666
0 0.50625 0.425 0.1453125 0.22708333333333333
0 0.54140625 0.7791666666666667 0.025 0.03958333333333333
0 0.55546875 0.3020833333333333 0.053125 0.06458333333333334
0 0.73359375 0.284375 0.065625 0.09791666666666667
0 0.6265625 0.4083333333333333 0.046875 0.08125
0 0.70234375 0.46145833333333336 0.06875 0.08958333333333333
0 0.8921875 0.36875 0.075 0.11041666666666666
0 0.61796875 0.928125 0.065625 0.09166666666666666
0 0.67265625 0.5989583333333334 0.0765625 0.10416666666666667
0 0.69453125 0.821875 0.1984375 0.35625
0 0.79453125 0.7010416666666667 0.3640625 0.5979166666666667
0 0.84453125 0.9010416666666666 0.065625 0.09791666666666667