0 0.309375 0.46338028169014084 0.2296875 0.543661971830986
0 0.19609375 0.5929577464788732 0.171875 0.4169014084507042
0 0.1265625 0.5915492957746479 0.025 0.061971830985915494
0 0.06953125 0.780281690140845 0.065625 0.14084507042253522
0 0.11328125 0.819718309859155 0.0546875 0.1323943661971831
0 0.04765625 0.4070422535211268 0.025 0.04788732394366197
0 0.44609375 0.20422535211267606 0.0296875 0.05352112676056338
0 0.40703125 0.7309859154929578 0.1546875 0.3380281690140845
0 0.3609375 0.5859154929577465 0.1140625 0.2056338028169014
0 0.53515625 0.6366197183098592 0.175 0.4140845070422535
0 0.58203125 0.4084507042253521 0.05625 0.12112676056338029
0 0.6828125 0.24788732394366197 0.1265625 0.2591549295774648
0 0.875 0.16901408450704225 0.0328125 0.04788732394366197
0 0.728125 0.6338028169014085 0.246875 0.5521126760563381
0 0.896875 0.6746478873239437 0.20625 0.543661971830986