0 0.02734375 0.5162760416666666 0.021484375 0.032552083333333336
0 0.0517578125 0.43359375 0.0146484375 0.0234375
0 0.11962890625 0.7493489583333334 0.0625 0.08072916666666667
0 0.1005859375 0.55859375 0.01953125 0.029947916666666668
0 0.11474609375 0.5481770833333334 0.017578125 0.02734375
0 0.17822265625 0.447265625 0.0078125 0.016927083333333332
0 0.21826171875 0.4479166666666667 0.029296875 0.040364583333333336
0 0.24365234375 0.5319010416666666 0.0166015625 0.02734375
0 0.2734375 0.3951822916666667 0.0576171875 0.09635416666666667
0 0.30419921875 0.5279947916666666 0.01953125 0.015625
0 0.32470703125 0.4557291666666667 0.009765625 0.01171875
0 0.345703125 0.154296875 0.0673828125 0.11197916666666667
0 0.36572265625 0.39453125 0.0205078125 0.03515625
0 0.37255859375 0.4524739583333333 0.0087890625 0.01171875
0 0.38916015625 0.4635416666666667 0.017578125 0.032552083333333336
0 0.3857421875 0.3333333333333333 0.0126953125 0.022135416666666668
0 0.400390625 0.4388020833333333 0.005859375 0.013020833333333334
0 0.43994140625 0.4947916666666667 0.01953125 0.028645833333333332
0 0.44482421875 0.357421875 0.017578125 0.02734375
0 0.52197265625 0.796875 0.0947265625 0.17578125
0 0.54052734375 0.4798177083333333 0.0185546875 0.0390625
0 0.55810546875 0.357421875 0.01171875 0.018229166666666668
0 0.59033203125 0.4192708333333333 0.0126953125 0.020833333333333332
0 0.703125 0.3177083333333333 0.009765625 0.014322916666666666
0 0.7529296875 0.3235677083333333 0.02734375 0.04296875