0 0.02783203125 0.4720052083333333 0.01953125 0.03125
0 0.05615234375 0.3919270833333333 0.013671875 0.022135416666666668
0 0.107421875 0.7135416666666666 0.05859375 0.07552083333333333
0 0.0986328125 0.521484375 0.0185546875 0.028645833333333332
0 0.11328125 0.5123697916666666 0.0166015625 0.026041666666666668
0 0.181640625 0.4173177083333333 0.0068359375 0.016927083333333332
0 0.2216796875 0.421875 0.02734375 0.037760416666666664
0 0.24267578125 0.5078125 0.015625 0.026041666666666668
0 0.279296875 0.3743489583333333 0.052734375 0.09114583333333333
0 0.30322265625 0.509765625 0.0185546875 0.014322916666666666
0 0.32763671875 0.439453125 0.0087890625 0.010416666666666666
0 0.3642578125 0.140625 0.0615234375 0.10677083333333333
0 0.37158203125 0.3821614583333333 0.0185546875 0.033854166666666664
0 0.37548828125 0.4407552083333333 0.0078125 0.010416666666666666
0 0.39111328125 0.453125 0.015625 0.03125
0 0.39453125 0.3229166666666667 0.01171875 0.020833333333333332
0 0.40380859375 0.4296875 0.0048828125 0.013020833333333334
0 0.4404296875 0.4889322916666667 0.0185546875 0.02734375
0 0.45263671875 0.3528645833333333 0.0166015625 0.026041666666666668
0 0.50634765625 0.7981770833333334 0.0859375 0.16796875
0 0.54150390625 0.4837239583333333 0.0166015625 0.037760416666666664
0 0.5654296875 0.36328125 0.0107421875 0.016927083333333332
0 0.59423828125 0.427734375 0.01171875 0.01953125
0 0.7119140625 0.3372395833333333 0.0087890625 0.013020833333333334
0 0.76171875 0.34765625 0.025390625 0.040364583333333336