0 0.109375 0.846875 0.1515625 0.2375
0 0.17578125 0.821875 0.1125 0.16666666666666666
0 0.26015625 0.7791666666666667 0.1171875 0.15416666666666667
0 0.465625 0.8427083333333333 0.1734375 0.24583333333333332
0 0.57734375 0.7135416666666666 0.128125 0.18125
0 0.6390625 0.8229166666666666 0.1203125 0.18333333333333332
0 0.73203125 0.8072916666666666 0.1203125 0.175
0 0.8609375 0.6645833333333333 0.14375 0.19166666666666668
0 0.675 0.64375 0.1125 0.15416666666666667
0 0.29375 0.65 0.1015625 0.12916666666666668
0 0.1859375 0.6020833333333333 0.09375 0.1375
0 0.13671875 0.6427083333333333 0.0765625 0.125
0 0.1046875 0.6572916666666667 0.075 0.09791666666666667
0 0.103125 0.5614583333333333 0.0640625 0.06875
0 0.02734375 0.478125 0.0546875 0.10208333333333333
0 0.0875 0.4197916666666667 0.071875 0.09583333333333334
0 0.13828125 0.46145833333333336 0.0546875 0.08333333333333333
0 0.17265625 0.49166666666666664 0.0671875 0.08125
0 0.18359375 0.42291666666666666 0.0484375 0.06875
0 0.240625 0.459375 0.084375 0.09583333333333334
0 0.2328125 0.353125 0.08125 0.12708333333333333
0 0.29140625 0.34270833333333334 0.0484375 0.075
0 0.31484375 0.5114583333333333 0.065625 0.12708333333333333
0 0.35546875 0.4979166666666667 0.0890625 0.12708333333333333
0 0.45078125 0.59375 0.1015625 0.14583333333333334
0 0.5203125 0.4947916666666667 0.0875 0.13333333333333333
0 0.584375 0.49166666666666664 0.0734375 0.10833333333333334
0 0.66328125 0.46979166666666666 0.08125 0.1125
0 0.71328125 0.2625 0.1359375 0.20833333333333334
0 0.565625 0.18333333333333332 0.1046875 0.16666666666666666
0 0.27421875 0.18958333333333333 0.0578125 0.07916666666666666
0 0.3421875 0.32916666666666666 0.10625 0.15625
0 0.4265625 0.3302083333333333 0.071875 0.12291666666666666
0 0.55625 0.36770833333333336 0.0921875 0.13541666666666666
0 0.50625 0.221875 0.040625 0.09583333333333334
0 0.61484375 0.315625 0.0609375 0.08541666666666667
0 0.890625 0.5354166666666667 0.0953125 0.13958333333333334
0 0.0296875 0.6010416666666667 0.0546875 0.13333333333333333