0 0.0640625 0.6572916666666667 0.128125 0.24791666666666667
0 0.11484375 0.6635416666666667 0.121875 0.17708333333333334
0 0.20546875 0.6604166666666667 0.1234375 0.1625
0 0.38359375 0.809375 0.1859375 0.2604166666666667
0 0.5203125 0.7354166666666667 0.1375 0.19166666666666668
0 0.553125 0.865625 0.1296875 0.19166666666666668
0 0.64453125 0.8916666666666667 0.128125 0.18333333333333332
0 0.80078125 0.8125 0.1515625 0.20416666666666666
0 0.63046875 0.7114583333333333 0.1203125 0.16458333333333333
0 0.26796875 0.5520833333333334 0.1078125 0.1375
0 0.178125 0.459375 0.1 0.14583333333333334
0 0.121875 0.47708333333333336 0.0828125 0.13125
0 0.0875 0.47708333333333336 0.0796875 0.10416666666666667
0 0.11015625 0.38645833333333335 0.0671875 0.075
0 0.05546875 0.27395833333333336 0.06875 0.10625
0 0.1296875 0.24479166666666666 0.0765625 0.10208333333333333
0 0.1671875 0.30625 0.059375 0.0875
0 0.1921875 0.35 0.0703125 0.0875
0 0.21953125 0.28958333333333336 0.053125 0.07291666666666667
0 0.26484375 0.3489583333333333 0.0875 0.10208333333333333
0 0.28359375 0.24479166666666666 0.0890625 0.13333333333333333
0 0.340625 0.26145833333333335 0.0515625 0.07916666666666666
0 0.321875 0.43020833333333336 0.071875 0.13125
0 0.3640625 0.4354166666666667 0.0953125 0.13333333333333333
0 0.43046875 0.5677083333333334 0.109375 0.15416666666666667
0 0.5203125 0.503125 0.09375 0.13958333333333334
0 0.58203125 0.528125 0.0796875 0.11458333333333333
0 0.66171875 0.5427083333333333 0.0859375 0.11875
0 0.76015625 0.36770833333333336 0.1453125 0.21875
0 0.6390625 0.228125 0.1140625 0.175
0 0.36171875 0.10833333333333334 0.0609375 0.08333333333333333
0 0.3921875 0.26979166666666665 0.1140625 0.16458333333333333
0 0.47265625 0.30833333333333335 0.0796875 0.12916666666666668
0 0.58515625 0.4 0.0984375 0.14375
0 0.5734375 0.23958333333333334 0.046875 0.09791666666666667
0 0.65390625 0.375 0.065625 0.08958333333333333
0 0.86015625 0.703125 0.103125 0.14791666666666667
0 0.03125 0.39166666666666666 0.0625 0.13541666666666666