0 0.03671875 0.5 0.0734375 0.3271461716937355
0 0.496875 0.45707656612529 0.0359375 0.06264501160092807
0 0.29453125 0.8387470997679815 0.0671875 0.11136890951276102
0 0.45 0.7436194895591647 0.0375 0.06728538283062645
0 0.58671875 0.5174013921113689 0.0515625 0.08352668213457076
0 0.71796875 0.6218097447795824 0.1125 0.18793503480278423
0 0.68046875 0.7018561484918794 0.0390625 0.058004640371229696
0 0.4953125 0.8433874709976799 0.09375 0.16009280742459397
0 0.53359375 0.8329466357308585 0.0421875 0.06960556844547564
0 0.58046875 0.8004640371229699 0.0703125 0.1345707656612529
0 0.59296875 0.8387470997679815 0.0765625 0.1368909512761021
0 0.68359375 0.8109048723897911 0.103125 0.16473317865429235
0 0.8046875 0.25986078886310904 0.290625 0.5197215777262181
0 0.54765625 0.02320185614849188 0.0578125 0.04640371229698376
0 0.9515625 0.4466357308584687 0.096875 0.1925754060324826
0 0.93359375 0.5719257540603249 0.084375 0.16009280742459397