0 0.03125 0.37703016241299303 0.0625 0.31554524361948955
0 0.5015625 0.45707656612529 0.0296875 0.05568445475638051
0 0.2578125 0.7807424593967517 0.05625 0.09744779582366589
0 0.421875 0.7273781902552204 0.03125 0.060324825986078884
0 0.58359375 0.5394431554524362 0.04375 0.07424593967517401
0 0.70078125 0.6763341067285383 0.09375 0.16705336426914152
0 0.65390625 0.7447795823665894 0.034375 0.048723897911832945
0 0.45546875 0.8375870069605569 0.078125 0.14153132250580047
0 0.49453125 0.8364269141531323 0.0359375 0.060324825986078884
0 0.54375 0.8167053364269141 0.0578125 0.12064965197215777
0 0.55234375 0.857308584686775 0.0625 0.12296983758700696
0 0.64453125 0.8538283062645011 0.0875 0.14385150812064965
0 0.83125 0.3236658932714617 0.2359375 0.5034802784222738
0 0.60390625 0.037122969837587005 0.053125 0.04640371229698376
0 0.95390625 0.5649651972157773 0.0828125 0.1740139211136891
0 0.91875 0.6821345707656613 0.06875 0.14385150812064965