0 0.16545893719806765 0.472 0.3309178743961353 0.944
0 0.2028985507246377 0.788 0.15942028985507245 0.296
0 0.37077294685990336 0.32 0.09178743961352658 0.184
0 0.5362318840579711 0.272 0.1111111111111111 0.196
0 0.6884057971014492 0.252 0.13043478260869565 0.216
0 0.6654589371980676 0.668 0.35990338164251207 0.664
0 0.9190821256038647 0.932 0.10869565217391304 0.136
0 0.4227053140096618 0.822 0.13768115942028986 0.272
0 0.5 0.84 0.12318840579710146 0.264
0 0.5652173913043478 0.87 0.09903381642512077 0.216
0 0.3611111111111111 0.84 0.12560386473429952 0.22
0 0.782608695652174 0.832 0.17391304347826086 0.336