0 0.17149758454106281 0.54 0.34299516908212563 0.92
0 0.2608695652173913 0.88 0.1642512077294686 0.24
0 0.3466183574879227 0.386 0.09420289855072464 0.188
0 0.4975845410628019 0.264 0.11352657004830918 0.2
0 0.6400966183574879 0.176 0.13526570048309178 0.22
0 0.6908212560386473 0.604 0.3719806763285024 0.712
0 0.961352657004831 0.75 0.07729468599033816 0.196
0 0.47946859903381644 0.846 0.14251207729468598 0.276
0 0.5567632850241546 0.828 0.1280193236714976 0.268
0 0.6243961352657005 0.826 0.10144927536231885 0.22
0 0.42391304347826086 0.888 0.1280193236714976 0.224
0 0.8297101449275363 0.704 0.178743961352657 0.368