0 0.0107421875 0.39044117647058824 0.0185546875 0.0838235294117647
0 0.0400390625 0.38382352941176473 0.0751953125 0.11470588235294117
0 0.08984375 0.4139705882352941 0.08984375 0.13529411764705881
0 0.166015625 0.38529411764705884 0.1240234375 0.2235294117647059
0 0.173828125 0.21102941176470588 0.07421875 0.12794117647058822
0 0.16064453125 0.45808823529411763 0.05859375 0.06323529411764706
0 0.2373046875 0.42058823529411765 0.0927734375 0.17352941176470588
0 0.26513671875 0.45441176470588235 0.052734375 0.10441176470588236
0 0.3193359375 0.4772058823529412 0.1005859375 0.13529411764705881
0 0.34814453125 0.3889705882352941 0.1298828125 0.26029411764705884
0 0.3662109375 0.019852941176470587 0.076171875 0.039705882352941174
0 0.38671875 0.46176470588235297 0.0615234375 0.13823529411764707
0 0.43310546875 0.4632352941176471 0.0810546875 0.13970588235294118
0 0.50537109375 0.4360294117647059 0.140625 0.24411764705882352
0 0.46044921875 0.5169117647058824 0.0380859375 0.05588235294117647
0 0.52490234375 0.5448529411764705 0.048828125 0.057352941176470586
0 0.5517578125 0.5154411764705882 0.0458984375 0.08823529411764706
0 0.580078125 0.4904411764705882 0.0546875 0.11911764705882352
0 0.63134765625 0.55 0.1513671875 0.11470588235294117
0 0.6328125 0.4838235294117647 0.0869140625 0.11029411764705882
0 0.72314453125 0.5470588235294118 0.107421875 0.1264705882352941
0 0.83984375 0.36470588235294116 0.15625 0.24558823529411763
0 0.8115234375 0.5588235294117647 0.0712890625 0.125
0 0.91064453125 0.525 0.1357421875 0.21470588235294116
0 0.951171875 0.5985294117647059 0.09375 0.10441176470588236