0 0.00537109375 0.49411764705882355 0.0107421875 0.08235294117647059
0 0.03369140625 0.48161764705882354 0.06640625 0.10147058823529412
0 0.0859375 0.5007352941176471 0.0791015625 0.12058823529411765
0 0.15869140625 0.4566176470588235 0.1064453125 0.20294117647058824
0 0.150390625 0.2823529411764706 0.064453125 0.1161764705882353
0 0.16015625 0.5294117647058824 0.0546875 0.052941176470588235
0 0.232421875 0.4764705882352941 0.0791015625 0.1588235294117647
0 0.26318359375 0.5044117647058823 0.0439453125 0.09558823529411764
0 0.31884765625 0.5154411764705882 0.0908203125 0.11764705882352941
0 0.33935546875 0.42205882352941176 0.1083984375 0.23970588235294119
0 0.3212890625 0.03308823529411765 0.0703125 0.0661764705882353
0 0.38427734375 0.4860294117647059 0.0498046875 0.12941176470588237
0 0.43017578125 0.47794117647058826 0.0703125 0.1264705882352941
0 0.49951171875 0.43529411764705883 0.12109375 0.22058823529411764
0 0.46240234375 0.525 0.0341796875 0.04852941176470588
0 0.52880859375 0.5389705882352941 0.044921875 0.04852941176470588
0 0.552734375 0.5044117647058823 0.0390625 0.08088235294117647
0 0.57861328125 0.47352941176470587 0.044921875 0.11029411764705882
0 0.634765625 0.5220588235294118 0.14453125 0.08529411764705883
0 0.6298828125 0.45588235294117646 0.0791015625 0.09411764705882353
0 0.72509765625 0.5 0.0986328125 0.10735294117647058
0 0.82421875 0.2948529411764706 0.1376953125 0.21911764705882353
0 0.81396484375 0.49264705882352944 0.0615234375 0.11323529411764706
0 0.9091796875 0.4389705882352941 0.119140625 0.19117647058823528
0 0.9560546875 0.5029411764705882 0.0869140625 0.08676470588235294