0 0.25703125 0.6411764705882353 0.0921875 0.17411764705882352
0 0.19453125 0.46941176470588236 0.1390625 0.2635294117647059
0 0.21015625 0.14470588235294118 0.109375 0.2376470588235294
0 0.315625 0.2952941176470588 0.1234375 0.24705882352941178
0 0.33984375 0.5835294117647059 0.13125 0.24705882352941178
0 0.3953125 0.5058823529411764 0.125 0.2541176470588235
0 0.3609375 0.1188235294117647 0.0890625 0.17411764705882352
0 0.48828125 0.30823529411764705 0.209375 0.4682352941176471
0 0.58359375 0.40588235294117647 0.1390625 0.31529411764705884
0 0.51953125 0.6294117647058823 0.1 0.1811764705882353
0 0.70625 0.5788235294117647 0.140625 0.28941176470588237
0 0.7984375 0.508235294117647 0.1171875 0.2164705882352941
0 0.76015625 0.2188235294117647 0.146875 0.3129411764705882
0 0.68046875 0.2964705882352941 0.1078125 0.21411764705882352
0 0.6359375 0.10235294117647059 0.1046875 0.1976470588235294