0 0.17890625 0.3616504854368932 0.1140625 0.24757281553398058
0 0.5109375 0.2524271844660194 0.1703125 0.3300970873786408
0 0.30390625 0.616504854368932 0.1046875 0.22572815533980584
0 0.43125 0.6043689320388349 0.103125 0.21359223300970873
0 0.5125 0.48058252427184467 0.1203125 0.21601941747572814
0 0.1640625 0.566747572815534 0.078125 0.1407766990291262
0 0.62734375 0.42597087378640774 0.1046875 0.18932038834951456
0 0.6984375 0.5133495145631068 0.090625 0.2524271844660194
0 0.6140625 0.6031553398058253 0.109375 0.17475728155339806
0 0.75078125 0.6128640776699029 0.0765625 0.17718446601941748
0 0.809375 0.6043689320388349 0.09375 0.1966019417475728
0 0.88828125 0.5837378640776699 0.1109375 0.1966019417475728