0 0.1390625 0.5114583333333333 0.278125 0.5145833333333333
0 0.1609375 0.6864583333333333 0.0421875 0.06041666666666667
0 0.1390625 0.046875 0.0515625 0.06875
0 0.04140625 0.91875 0.04375 0.025
0 0.2390625 0.775 0.0515625 0.08333333333333333
0 0.290625 0.7645833333333333 0.1171875 0.15833333333333333
0 0.28359375 0.6395833333333333 0.115625 0.16666666666666666
0 0.4078125 0.49270833333333336 0.140625 0.23541666666666666
0 0.321875 0.159375 0.0515625 0.075
0 0.4546875 0.17083333333333334 0.03125 0.04791666666666667
0 0.63671875 0.19895833333333332 0.0375 0.05625
0 0.78984375 0.27291666666666664 0.059375 0.08333333333333333
0 0.8875 0.2947916666666667 0.065625 0.09375
0 0.96171875 0.209375 0.0578125 0.075
0 0.30546875 0.94375 0.0421875 0.06041666666666667
0 0.31171875 0.9416666666666667 0.0453125 0.06041666666666667
0 0.27421875 0.9197916666666667 0.0328125 0.05
0 0.27578125 0.9208333333333333 0.0328125 0.05625
0 0.5921875 0.4635416666666667 0.0375 0.05
0 0.3953125 0.275 0.115625 0.16875
0 0.7359375 0.9677083333333333 0.05625 0.06458333333333334
0 0.728125 0.9916666666666667 0.04375 0.016666666666666666
0 0.66875 0.9708333333333333 0.0375 0.058333333333333334
0 0.6953125 0.7270833333333333 0.053125 0.075
0 0.759375 0.6802083333333333 0.05 0.06666666666666667
0 0.84296875 0.9677083333333333 0.0578125 0.06458333333333334
0 0.703125 0.8104166666666667 0.0375 0.06458333333333334
0 0.93828125 0.7291666666666666 0.0578125 0.07708333333333334
0 0.62734375 0.07604166666666666 0.028125 0.04375
0 0.56484375 0.425 0.028125 0.04375
0 0.628125 0.39375 0.04375 0.06041666666666667
0 0.30859375 0.9416666666666667 0.040625 0.06666666666666667
0 0.70234375 0.5583333333333333 0.040625 0.058333333333333334
0 0.9328125 0.37083333333333335 0.0375 0.05
0 0.97734375 0.5041666666666667 0.0453125 0.07083333333333333
0 0.909375 0.821875 0.0421875 0.052083333333333336
0 0.79765625 0.7697916666666667 0.034375 0.06041666666666667
0 0.46015625 0.8114583333333333 0.2390625 0.3770833333333333
0 0.71796875 0.9 0.0515625 0.07083333333333333
0 0.70234375 0.33958333333333335 0.0328125 0.052083333333333336
0 0.89296875 0.415625 0.028125 0.04791666666666667
0 0.38046875 0.016666666666666666 0.0453125 0.03333333333333333
0 0.58359375 0.884375 0.0375 0.06458333333333334
0 0.40625 0.959375 0.04375 0.05
0 0.4 0.9166666666666666 0.034375 0.058333333333333334
0 0.78515625 0.840625 0.0421875 0.06041666666666667
0 0.759375 0.8822916666666667 0.03125 0.06041666666666667
0 0.58203125 0.5083333333333333 0.0359375 0.04791666666666667
0 0.47734375 0.4270833333333333 0.028125 0.03958333333333333
0 0.53046875 0.90625 0.0375 0.0625
0 0.5421875 0.984375 0.028125 0.03125