0 0.13125 0.571875 0.2609375 0.475
0 0.18046875 0.740625 0.0375 0.05416666666666667
0 0.1 0.109375 0.046875 0.0625
0 0.0109375 0.934375 0.021875 0.06458333333333334
0 0.0828125 0.990625 0.0421875 0.01875
0 0.26640625 0.815625 0.0453125 0.07708333333333334
0 0.31640625 0.796875 0.1046875 0.14166666666666666
0 0.29765625 0.6739583333333333 0.103125 0.15208333333333332
0 0.4078125 0.5072916666666667 0.121875 0.21666666666666667
0 0.2921875 0.190625 0.0453125 0.06875
0 0.425 0.18020833333333333 0.028125 0.04375
0 0.60859375 0.17916666666666667 0.0328125 0.052083333333333336
0 0.7671875 0.22708333333333333 0.053125 0.075
0 0.865625 0.23333333333333334 0.0578125 0.08541666666666667
0 0.93203125 0.13645833333333332 0.0515625 0.06666666666666667
0 0.34765625 0.971875 0.0375 0.05416666666666667
0 0.353125 0.96875 0.040625 0.05416666666666667
0 0.3140625 0.953125 0.028125 0.04583333333333333
0 0.315625 0.9541666666666667 0.028125 0.052083333333333336
0 0.58828125 0.44895833333333335 0.0328125 0.04583333333333333
0 0.37578125 0.29375 0.1015625 0.15416666666666667
0 0.77890625 0.9354166666666667 0.05 0.07291666666666667
0 0.7734375 0.9729166666666667 0.0390625 0.05416666666666667
0 0.71171875 0.9447916666666667 0.0328125 0.0625
0 0.71484375 0.69375 0.046875 0.06875
0 0.77421875 0.6364583333333333 0.0453125 0.06041666666666667
0 0.884375 0.91875 0.0515625 0.075
0 0.7296875 0.775 0.0328125 0.06041666666666667
0 0.95625 0.65625 0.0515625 0.06875
0 0.5875 0.058333333333333334 0.025 0.03958333333333333
0 0.5578125 0.41458333333333336 0.025 0.03958333333333333
0 0.6171875 0.37395833333333334 0.0390625 0.05416666666666667
0 0.35078125 0.9697916666666667 0.0359375 0.06041666666666667
0 0.70625 0.525 0.0359375 0.052083333333333336
0 0.91796875 0.30104166666666665 0.0328125 0.04583333333333333
0 0.97578125 0.42604166666666665 0.040625 0.06458333333333334
0 0.9359375 0.753125 0.0375 0.04583333333333333
0 0.8203125 0.7197916666666667 0.0296875 0.05625
0 0.4890625 0.81875 0.209375 0.35
0 0.753125 0.8614583333333333 0.0453125 0.06458333333333334
0 0.6859375 0.30833333333333335 0.028125 0.04791666666666667
0 0.88203125 0.35208333333333336 0.025 0.04375
0 0.33671875 0.036458333333333336 0.0421875 0.035416666666666666
0 0.61796875 0.8677083333333333 0.0328125 0.06041666666666667
0 0.44921875 0.9708333333333333 0.040625 0.04375
0 0.4390625 0.9302083333333333 0.0296875 0.05416666666666667
0 0.8140625 0.7916666666666666 0.0375 0.05416666666666667
0 0.7921875 0.8375 0.0265625 0.05625
0 0.58203125 0.4947916666666667 0.0328125 0.04375
0 0.47109375 0.43125 0.025 0.035416666666666666
0 0.5671875 0.8979166666666667 0.0328125 0.058333333333333334
0 0.58671875 0.978125 0.025 0.03333333333333333