0 0.73984375 0.7883663366336634 0.021875 0.04702970297029703
0 0.38984375 0.4900990099009901 0.5890625 0.9801980198019802
0 0.0796875 0.5136138613861386 0.0953125 0.17574257425742573
0 0.02578125 0.620049504950495 0.0515625 0.15594059405940594
0 0.16796875 0.8341584158415841 0.0421875 0.07425742574257425
0 0.21953125 0.8886138613861386 0.0375 0.06188118811881188
0 0.2 0.6844059405940595 0.0296875 0.054455445544554455
0 0.11640625 0.6398514851485149 0.0203125 0.039603960396039604
0 0.0921875 0.818069306930693 0.028125 0.04950495049504951
0 0.00703125 0.7797029702970297 0.0140625 0.04950495049504951
0 0.48203125 0.8217821782178217 0.04375 0.07425742574257425
0 0.88828125 0.7252475247524752 0.040625 0.06683168316831684
0 0.7484375 0.3415841584158416 0.3109375 0.6014851485148515
0 0.6328125 0.5631188118811881 0.0390625 0.08168316831683169
0 0.6828125 0.599009900990099 0.040625 0.09158415841584158
0 0.75390625 0.5767326732673267 0.046875 0.09158415841584158
0 0.93203125 0.3254950495049505 0.040625 0.08168316831683169
0 0.9453125 0.7834158415841584 0.025 0.04455445544554455
0 0.7328125 0.8873762376237624 0.0203125 0.039603960396039604
0 0.7125 0.698019801980198 0.021875 0.04950495049504951
0 0.81328125 0.8131188118811881 0.0203125 0.039603960396039604
0 0.80625 0.9925742574257426 0.053125 0.01485148514851485
0 0.8296875 0.9715346534653465 0.0234375 0.03712871287128713
0 0.6125 0.9764851485148515 0.0625 0.04702970297029703
0 0.4390625 0.9764851485148515 0.078125 0.03712871287128713
0 0.11875 0.9306930693069307 0.0671875 0.054455445544554455