0 0.474921875 0.41551643192488263 0.034515625 0.06192488262910798
0 0.834984375 0.5072535211267606 0.032296875 0.03626760563380282
0 0.825609375 0.4673474178403756 0.04553125 0.07596244131455399
0 0.643421875 0.5325117370892019 0.016593749999999997 0.020281690140845073
0 0.6443749999999999 0.5330751173708921 0.015796875 0.023051643192488265
0 0.6624218749999999 0.4810093896713615 0.0288125 0.043521126760563376
0 0.6656875 0.4786619718309859 0.0268125 0.043098591549295774
0 0.715640625 0.44450704225352117 0.01878125 0.04478873239436619
0 0.71709375 0.44368544600938964 0.018078125 0.035375586854460093
0 0.9753125 0.222018779342723 0.032453125 0.0547887323943662
0 0.676765625 0.612206572769953 0.026250000000000002 0.045586854460093904
0 0.627765625 0.5974882629107982 0.023453125 0.030774647887323942
0 0.699734375 0.537018779342723 0.014499999999999999 0.03016431924882629
0 0.702328125 0.5347887323943662 0.01353125 0.0281924882629108
0 0.24596874999999999 0.030093896713615023 0.048390625 0.060187793427230046
0 0.25606249999999997 0.35514084507042254 0.0314375 0.06492957746478874
0 0.35846875 0.33572769953051645 0.027953125000000002 0.037887323943661975
0 0.036328125 0.23462441314553992 0.0188125 0.04377934272300469
0 0.10635937499999999 0.22605633802816902 0.038843749999999996 0.07568075117370893
0 0.16571875 0.3677464788732394 0.052640624999999996 0.0933568075117371
0 0.15435937500000002 0.2875117370892019 0.032578125 0.04835680751173709
0 0.122265625 0.5492723004694836 0.013843749999999998 0.026431924882629108
0 0.142671875 0.6144366197183099 0.026937499999999996 0.03873239436619718
0 0.15887500000000002 0.6767605633802817 0.028546875 0.048826291079812206
0 0.195453125 0.7477934272300469 0.029859375 0.056502347417840375
0 0.32940625 0.711338028169014 0.029406250000000002 0.04307511737089202
0 0.5445156250000001 0.8482159624413145 0.063671875 0.10753521126760564
0 0.5583750000000001 0.6934976525821597 0.01953125 0.04706572769953052
0 0.216859375 0.6348122065727699 0.01109375 0.024413145539906103
0 0.23959375 0.6253521126760563 0.015484375 0.027488262910798124
0 0.321859375 0.6197183098591549 0.018109375 0.03607981220657277
0 0.28959375 0.5066197183098592 0.018703125 0.0368075117370892
0 0.34553124999999996 0.5566197183098591 0.029390624999999997 0.05307511737089202
0 0.38079687500000003 0.46687793427230045 0.01340625 0.02119718309859155
0 0.47640625 0.4833802816901408 0.01690625 0.02779342723004695
0 0.47978125 0.5676291079812207 0.02071875 0.031056338028169015
0 0.50896875 0.5658920187793427 0.0235625 0.03854460093896714
0 0.54415625 0.5500234741784038 0.01184375 0.0218075117370892
0 0.558671875 0.5396713615023474 0.018 0.03368544600938967
0 0.27360937500000004 0.6134507042253521 0.013140625 0.01692488262910798
0 0.26503125 0.7069483568075118 0.026765624999999998 0.038685446009389675