0 0.4890625 0.4084507042253521 0.04375 0.07276995305164319
0 0.82421875 0.6291079812206573 0.0375 0.046948356807511735
0 0.82109375 0.5868544600938967 0.05625 0.0892018779342723
0 0.63359375 0.5833333333333334 0.01875 0.025821596244131457
0 0.634375 0.5845070422535211 0.01875 0.028169014084507043
0 0.6609375 0.5410798122065728 0.034375 0.051643192488262914
0 0.6640625 0.539906103286385 0.0328125 0.051643192488262914
0 0.71796875 0.5246478873239436 0.025 0.04929577464788732
0 0.71953125 0.5246478873239436 0.0234375 0.03990610328638498
0 0.99296875 0.4014084507042254 0.0140625 0.06572769953051644
0 0.653125 0.6725352112676056 0.0328125 0.0539906103286385
0 0.60859375 0.6408450704225352 0.028125 0.03755868544600939
0 0.6875 0.607981220657277 0.01875 0.035211267605633804
0 0.690625 0.6068075117370892 0.0171875 0.03286384976525822
0 0.28671875 0.2711267605633803 0.040625 0.07511737089201878
0 0.3890625 0.2887323943661972 0.0328125 0.046948356807511735
0 0.09296875 0.07394366197183098 0.025 0.04929577464788732
0 0.1625 0.09154929577464789 0.05 0.08685446009389672
0 0.196875 0.25 0.065625 0.11032863849765258
0 0.19921875 0.16784037558685447 0.0390625 0.05868544600938967
0 0.12578125 0.4107981220657277 0.0171875 0.03051643192488263
0 0.13515625 0.4812206572769953 0.0328125 0.046948356807511735
0 0.140625 0.5469483568075117 0.0359375 0.05868544600938967
0 0.16484375 0.6302816901408451 0.0375 0.06572769953051644
0 0.30078125 0.6431924882629108 0.0359375 0.051643192488262914
0 0.4875 0.8544600938967136 0.0796875 0.1267605633802817
0 0.52578125 0.7089201877934272 0.0265625 0.051643192488262914
0 0.20390625 0.528169014084507 0.0140625 0.028169014084507043
0 0.22734375 0.5269953051643192 0.01875 0.03286384976525822
0 0.3078125 0.5516431924882629 0.0234375 0.04225352112676056
0 0.29453125 0.4295774647887324 0.0234375 0.04225352112676056
0 0.340625 0.4988262910798122 0.0375 0.06103286384976526
0 0.38984375 0.42488262910798125 0.0171875 0.025821596244131457
0 0.4796875 0.4753521126760563 0.0203125 0.03286384976525822
0 0.46953125 0.5586854460093896 0.025 0.03755868544600939
0 0.4984375 0.5669014084507042 0.0296875 0.046948356807511735
0 0.53515625 0.5645539906103286 0.015625 0.025821596244131457
0 0.55078125 0.5598591549295775 0.0234375 0.03990610328638498
0 0.26171875 0.528169014084507 0.015625 0.02112676056338028
0 0.2390625 0.6150234741784038 0.0328125 0.046948356807511735