0 0.47421875 0.4166666666666667 0.0359375 0.06338028169014084
0 0.83515625 0.4988262910798122 0.0328125 0.03755868544600939
0 0.825 0.45892018779342725 0.046875 0.07746478873239436
0 0.64375 0.528169014084507 0.0171875 0.02112676056338028
0 0.64453125 0.5293427230046949 0.015625 0.023474178403755867
0 0.6625 0.4765258215962441 0.0296875 0.04460093896713615
0 0.665625 0.47417840375586856 0.0265625 0.04460093896713615
0 0.71484375 0.43896713615023475 0.01875 0.04460093896713615
0 0.71640625 0.43779342723004694 0.01875 0.035211267605633804
0 0.971875 0.21009389671361503 0.0328125 0.056338028169014086
0 0.678125 0.607981220657277 0.0265625 0.046948356807511735
0 0.62890625 0.5938967136150235 0.0234375 0.03051643192488263
0 0.7 0.5316901408450704 0.015625 0.03051643192488263
0 0.70234375 0.5293427230046949 0.0140625 0.028169014084507043
0 0.240625 0.036384976525821594 0.0484375 0.06103286384976526
0 0.2546875 0.3615023474178404 0.0328125 0.06572769953051644
0 0.35625 0.3392018779342723 0.028125 0.03755868544600939
0 0.03359375 0.24647887323943662 0.01875 0.04460093896713615
0 0.103125 0.23591549295774647 0.0390625 0.07746478873239436
0 0.1640625 0.3767605633802817 0.053125 0.09389671361502347
0 0.1515625 0.29694835680751175 0.0328125 0.04929577464788732
0 0.12265625 0.5586854460093896 0.0140625 0.025821596244131457
0 0.14375 0.6232394366197183 0.028125 0.03990610328638498
0 0.1609375 0.6854460093896714 0.0296875 0.04929577464788732
0 0.1984375 0.755868544600939 0.03125 0.056338028169014086
0 0.33203125 0.715962441314554 0.0296875 0.04460093896713615
0 0.5484375 0.8474178403755869 0.065625 0.11032863849765258
0 0.5609375 0.6924882629107981 0.0203125 0.046948356807511735
0 0.21875 0.642018779342723 0.0109375 0.025821596244131457
0 0.24140625 0.6326291079812206 0.015625 0.028169014084507043
0 0.3234375 0.6244131455399061 0.01875 0.03755868544600939
0 0.28984375 0.5117370892018779 0.01875 0.03755868544600939
0 0.34609375 0.5610328638497653 0.0296875 0.0539906103286385
0 0.38046875 0.4694835680751174 0.0140625 0.02112676056338028
0 0.4765625 0.4835680751173709 0.0171875 0.028169014084507043
0 0.48046875 0.568075117370892 0.0203125 0.03051643192488263
0 0.509375 0.5657276995305164 0.0234375 0.03990610328638498
0 0.54453125 0.5492957746478874 0.0125 0.02112676056338028
0 0.559375 0.5375586854460094 0.01875 0.035211267605633804
0 0.275 0.6197183098591549 0.0140625 0.01643192488262911
0 0.2671875 0.7136150234741784 0.0265625 0.03990610328638498