0 0.51796875 0.5 0.9171875 1
0 0.19140625 0.6354166666666666 0.128125 0.18541666666666667
0 0.32109375 0.5520833333333334 0.1609375 0.25625
0 0.3609375 0.7010416666666667 0.103125 0.1625
0 0.4203125 0.6364583333333333 0.034375 0.06041666666666667
0 0.35625 0.9229166666666667 0.096875 0.15416666666666667
0 0.265625 0.971875 0.059375 0.05625
0 0.8140625 0.6270833333333333 0.15625 0.19791666666666666
0 0.884375 0.42916666666666664 0.0625 0.08958333333333333
0 0.9265625 0.39895833333333336 0.1015625 0.15208333333333332
0 0.953125 0.278125 0.059375 0.10416666666666667
0 0.9453125 0.634375 0.1 0.14583333333333334
0 0.92890625 0.5375 0.0484375 0.06875
0 0.7125 0.875 0.0453125 0.07291666666666667
0 0.7359375 0.91875 0.040625 0.05
0 0.76953125 0.9208333333333333 0.03125 0.04375
0 0.76015625 0.859375 0.021875 0.029166666666666667
0 0.809375 0.8489583333333334 0.03125 0.04583333333333333
0 0.82734375 0.85 0.025 0.03125
0 0.821875 0.7802083333333333 0.0359375 0.06041666666666667
0 0.834375 0.7260416666666667 0.0765625 0.10416666666666667
0 0.8734375 0.8739583333333333 0.0265625 0.035416666666666666
0 0.90234375 0.8104166666666667 0.0625 0.0875
0 0.9546875 0.846875 0.0625 0.09791666666666667
0 0.925 0.7895833333333333 0.046875 0.075
0 0.54296875 0.9802083333333333 0.0390625 0.03958333333333333
0 0.5765625 0.8958333333333334 0.0578125 0.07083333333333333
0 0.45078125 0.9916666666666667 0.0390625 0.016666666666666666
0 0.796875 0.20520833333333333 0.096875 0.13958333333333334