0 0.524953125 0.460625 0.80071875 0.92125
0 0.17759375 0.5541250000000001 0.10770312500000001 0.16158333333333333
0 0.31728125 0.505875 0.131671875 0.22660416666666666
0 0.33446875 0.6618541666666666 0.0848125 0.1438125
0 0.402125 0.6133124999999999 0.027640625000000002 0.053375
0 0.29900000000000004 0.8807083333333333 0.078625 0.13972916666666665
0 0.1993125 0.9248541666666666 0.048015625 0.08639583333333332
0 0.789890625 0.7042916666666666 0.13540625 0.16608333333333333
0 0.887234375 0.5287291666666667 0.051968749999999994 0.07745833333333334
0 0.933015625 0.5093958333333333 0.08459375 0.13204166666666667
0 0.9767187500000001 0.3973125 0.0465625 0.09379166666666668
0 0.918015625 0.7451458333333334 0.08334375000000001 0.12718749999999998
0 0.9159843750000001 0.6463958333333333 0.040703125 0.05864583333333333
0 0.65475 0.9219583333333333 0.037 0.06389583333333333
0 0.6719375000000001 0.9708958333333333 0.034875 0.04095833333333333
0 0.7044374999999999 0.9814583333333334 0.026125 0.037083333333333336
0 0.70396875 0.918625 0.017687500000000002 0.026083333333333333
0 0.7536562499999999 0.9209166666666667 0.025421875 0.04097916666666667
0 0.7708437499999999 0.9269583333333333 0.021453125 0.026083333333333333
0 0.77615625 0.8571875 0.029578125 0.05310416666666666
0 0.795515625 0.8071875 0.06542187499999999 0.08854166666666667
0 0.813484375 0.9617291666666666 0.023234374999999998 0.03095833333333333
0 0.850359375 0.9069583333333333 0.05321875 0.0755625
0 0.8964531250000001 0.9565416666666666 0.051468749999999994 0.08691666666666667
0 0.875828125 0.8921666666666667 0.03853125 0.06683333333333333
0 0.473984375 0.9835416666666668 0.03484375 0.03291666666666667
0 0.518671875 0.9080208333333334 0.05078125 0.059812500000000005
0 0.3799375 0.9835416666666668 0.034234375 0.03291666666666667
0 0.8334843749999999 0.2857083333333333 0.08051562500000001 0.12108333333333333