0 0.15931372549019607 0.37745098039215685 0.13725490196078433 0.2622549019607843
0 0.29330065359477125 0.5870098039215687 0.06535947712418301 0.12745098039215685
0 0.3880718954248366 0.5220588235294118 0.09313725490196079 0.18872549019607843
0 0.5204248366013072 0.6286764705882353 0.0457516339869281 0.08823529411764706
0 0.5931372549019608 0.6053921568627451 0.042483660130718956 0.0784313725490196
0 0.6936274509803921 0.5465686274509803 0.08986928104575163 0.1642156862745098
0 0.7704248366013072 0.6507352941176471 0.05555555555555555 0.10294117647058823
0 0.8472222222222222 0.5551470588235294 0.08660130718954248 0.16666666666666666
0 0.8366013071895425 0.7120098039215687 0.06209150326797386 0.10294117647058823
0 0.9468954248366013 0.4852941176470588 0.06535947712418301 0.125
0 0.8848039215686274 0.5992647058823529 0.03431372549019608 0.0661764705882353
0 0.6830065359477124 0.19730392156862744 0.18137254901960784 0.3333333333333333