0 0.06005859375 0.22265625 0.0341796875 0.0720486111111111
0 0.20947265625 0.1410590277777778 0.12109375 0.2821180555555556
0 0.27294921875 0.41015625 0.05712890625 0.14930555555555555
0 0.38232421875 0.3311631944444444 0.125 0.2751736111111111
0 0.4580078125 0.109375 0.064453125 0.15364583333333334
0 0.672119140625 0.3936631944444444 0.2919921875 0.6371527777777778
0 0.927978515625 0.64453125 0.08984375 0.1987847222222222
0 0.822509765625 0.4366319444444444 0.15625 0.3732638888888889
0 0.736083984375 0.7191840277777778 0.0322265625 0.06076388888888889
0 0.4794921875 0.3606770833333333 0.03857421875 0.08246527777777778
0 0.2392578125 0.6336805555555556 0.0283203125 0.05555555555555555
0 0.282958984375 0.6167534722222222 0.0224609375 0.06076388888888889
0 0.965576171875 0.17578125 0.0302734375 0.06510416666666667
0 0.547607421875 0.5442708333333334 0.03271484375 0.07378472222222222
0 0.574462890625 0.5868055555555556 0.021484375 0.044270833333333336