0 0.4189453125 0.4662756598240469 0.50390625 0.9120234604105572
0 0.0869140625 0.23020527859237536 0.046875 0.07917888563049853
0 0.11328125 0.5659824046920822 0.041015625 0.08211143695014662
0 0.0634765625 0.9721407624633431 0.052734375 0.05571847507331378
0 0.1640625 0.9648093841642229 0.04296875 0.07038123167155426
0 0.36328125 0.8958944281524927 0.041015625 0.07038123167155426
0 0.2939453125 0.6436950146627566 0.044921875 0.08504398826979472
0 0.6552734375 0.5659824046920822 0.041015625 0.08211143695014662
0 0.6318359375 0.6627565982404692 0.044921875 0.06744868035190615
0 0.6796875 0.7214076246334311 0.05078125 0.08797653958944282
0 0.69921875 0.6129032258064516 0.03125 0.05278592375366569
0 0.69140625 0.5381231671554252 0.044921875 0.07331378299120235
0 0.7705078125 0.5967741935483871 0.03125 0.05865102639296188
0 0.921875 0.4222873900293255 0.041015625 0.06158357771260997
0 0.97265625 0.6085043988269795 0.029296875 0.05865102639296188
0 0.9951171875 0.5777126099706745 0.009765625 0.05278592375366569
0 0.9716796875 0.8460410557184751 0.037109375 0.05865102639296188
0 0.5751953125 0.9134897360703812 0.083984375 0.1436950146627566
0 0.5048828125 0.9266862170087976 0.08984375 0.13196480938416422
0 0.490234375 0.9032258064516129 0.1015625 0.16422287390029325