0 0.42076171875 0.4553372434017596 0.45662109375 0.8556891495601173
0 0.10375 0.17709677419354838 0.04232421875 0.07263929618768328
0 0.1105859375 0.514633431085044 0.03646484375 0.07747800586510264
0 0.036796875 0.9286510263929619 0.0479296875 0.0801466275659824
0 0.139609375 0.9213196480938417 0.03869140625 0.06967741935483872
0 0.3408984375 0.8758651026392963 0.03671875 0.0667741935483871
0 0.28650390625 0.6160117302052786 0.03951171875 0.07909090909090909
0 0.650859375 0.5858357771260997 0.0372265625 0.07741935483870967
0 0.62212890625 0.6792375366568915 0.0411328125 0.06313782991202346
0 0.66634765625 0.7447800586510264 0.0462109375 0.08111436950146628
0 0.6916015625 0.6386217008797654 0.02939453125 0.0489149560117302
0 0.68880859375 0.5630205278592376 0.04056640625 0.06947214076246334
0 0.76357421875 0.6312903225806452 0.02828125 0.0552199413489736
0 0.92455078125 0.47715542521994136 0.037734375 0.05697947214076246
0 0.96458984375 0.6706451612903226 0.02572265625 0.05686217008797654
0 0.99291015625 0.6444868035190616 0.0126171875 0.052258064516129035
0 0.94953125 0.9058064516129032 0.03466796875 0.05545454545454546
0 0.55126953125 0.9223460410557184 0.0757421875 0.13460410557184752
0 0.4802734375 0.9263343108504398 0.0835546875 0.12161290322580645
0 0.46671875 0.899941348973607 0.093046875 0.15263929618768327