0 0.06884765625 0.1818576388888889 0.0361328125 0.07465277777777778
0 0.220703125 0.12977430555555555 0.12890625 0.2595486111111111
0 0.27587890625 0.3888888888888889 0.06103515625 0.15364583333333334
0 0.387451171875 0.3207465277777778 0.13232421875 0.2847222222222222
0 0.4697265625 0.10590277777777778 0.06884765625 0.1579861111111111
0 0.675048828125 0.4097222222222222 0.30859375 0.6588541666666666
0 0.923095703125 0.6840277777777778 0.0947265625 0.20572916666666666
0 0.823974609375 0.4665798611111111 0.166015625 0.3854166666666667
0 0.729248046875 0.7408854166666666 0.0341796875 0.06336805555555555
0 0.483642578125 0.3589409722222222 0.04052734375 0.08506944444444445
0 0.235595703125 0.609375 0.02978515625 0.057291666666666664
0 0.27978515625 0.5963541666666666 0.02392578125 0.06163194444444445
0 0.974365234375 0.21961805555555555 0.03173828125 0.06684027777777778
0 0.54638671875 0.5486111111111112 0.0341796875 0.0763888888888889
0 0.57177734375 0.5933159722222222 0.02294921875 0.04600694444444445