0 0.1203125 0.9277777777777778 0.128125 0.14444444444444443
0 0.16953125 0.8027777777777778 0.071875 0.14166666666666666
0 0.46796875 0.7388888888888889 0.2671875 0.5222222222222223
0 0.2765625 0.5972222222222222 0.103125 0.21388888888888888
0 0.26640625 0.2986111111111111 0.1421875 0.275
0 0.1640625 0.2763888888888889 0.096875 0.20555555555555555
0 0.159375 0.4027777777777778 0.034375 0.06944444444444445
0 0.39921875 0.2222222222222222 0.0734375 0.1361111111111111
0 0.72109375 0.6638888888888889 0.184375 0.38055555555555554
0 0.69453125 0.2916666666666667 0.2125 0.4444444444444444
0 0.91640625 0.24166666666666667 0.1421875 0.29444444444444445
0 0.4078125 0.36527777777777776 0.1171875 0.225
0 0.27890625 0.9861111111111112 0.0359375 0.027777777777777776
0 0.409375 0.8972222222222223 0.0328125 0.06944444444444445
0 0.353125 0.7708333333333334 0.025 0.05277777777777778
0 0.26640625 0.9652777777777778 0.0296875 0.06111111111111111
0 0.2015625 0.9777777777777777 0.028125 0.044444444444444446
0 0.25 0.8527777777777777 0.028125 0.05555555555555555