0 0.0609375 0.7805555555555556 0.1046875 0.23055555555555557
0 0.13515625 0.6291666666666667 0.059375 0.125
0 0.4296875 0.7305555555555555 0.2171875 0.49166666666666664
0 0.26953125 0.4847222222222222 0.0828125 0.19166666666666668
0 0.30703125 0.19166666666666668 0.11875 0.2388888888888889
0 0.21171875 0.12083333333333333 0.078125 0.18333333333333332
0 0.1875 0.24027777777777778 0.028125 0.06388888888888888
0 0.44609375 0.18333333333333332 0.0609375 0.11666666666666667
0 0.14921875 0.9041666666666667 0.0171875 0.04722222222222222
0 0.68671875 0.7652777777777777 0.15 0.33611111111111114
0 0.71953125 0.3958333333333333 0.1734375 0.39444444444444443
0 0.93984375 0.45555555555555555 0.115625 0.2611111111111111
0 0.43203125 0.325 0.096875 0.19722222222222222
0 0.209375 0.8805555555555555 0.0296875 0.06388888888888888
0 0.35078125 0.8361111111111111 0.0265625 0.06388888888888888
0 0.31640625 0.6888888888888889 0.0203125 0.04722222222222222
0 0.203125 0.8333333333333334 0.025 0.05555555555555555
0 0.13828125 0.8180555555555555 0.0234375 0.04722222222222222
0 0.2046875 0.7166666666666667 0.0234375 0.04722222222222222