0 0.29296875 0.5561403508771929 0.08125 0.22105263157894736
0 0.046875 0.22982456140350876 0.053125 0.10877192982456141
0 0.02734375 0.3824561403508772 0.0390625 0.08070175438596491
0 0.10703125 0.19473684210526315 0.0421875 0.10877192982456141
0 0.18671875 0.23508771929824562 0.0515625 0.12631578947368421
0 0.41015625 0.1649122807017544 0.0234375 0.06315789473684211
0 0.58046875 0.4 0.0203125 0.0456140350877193
0 0.5421875 0.47017543859649125 0.0203125 0.05964912280701754
0 0.54609375 0.4105263157894737 0.0203125 0.05964912280701754
0 0.83203125 0.3824561403508772 0.015625 0.0456140350877193
0 0.45859375 0.43157894736842106 0.0265625 0.07368421052631578
0 0.4703125 0.41403508771929826 0.021875 0.06315789473684211