0 0.602177554438861 0.31777777777777777 0.09045226130653267 0.057777777777777775
0 0.12814070351758794 0.2838888888888889 0.020100502512562814 0.012222222222222223
0 0.32998324958123953 0.305 0.07537688442211055 0.04777777777777778
0 0.47906197654941374 0.31277777777777777 0.09045226130653267 0.06222222222222222
0 0.5804020100502513 0.1438888888888889 0.07872696817420435 0.05555555555555555
0 0.6289782244556114 0.2061111111111111 0.06532663316582915 0.04666666666666667
0 0.7462311557788944 0.2811111111111111 0.05025125628140704 0.03333333333333333
0 0.5812395309882747 0.2861111111111111 0.11390284757118928 0.07555555555555556
0 0.3341708542713568 0.7072222222222222 0.03015075376884422 0.027777777777777776
0 0.5820770519262981 0.5527777777777778 0.4489112227805695 0.3788888888888889
0 0.7252931323283082 0.7466666666666667 0.07370184254606366 0.06222222222222222
0 0.8140703517587939 0.7261111111111112 0.08542713567839195 0.07111111111111111
0 0.5443886097152428 0.8622222222222222 0.02847571189279732 0.022222222222222223
0 0.5753768844221105 0.9027777777777778 0.09882747068676717 0.09555555555555556