0 0.5829145728643216 0.31333333333333335 0.09715242881072027 0.06111111111111111
0 0.10636515912897822 0.3016666666666667 0.020100502512562814 0.012222222222222223
0 0.3098827470686767 0.31333333333333335 0.08040201005025126 0.051111111111111114
0 0.45979899497487436 0.3138888888888889 0.09547738693467336 0.06555555555555556
0 0.542713567839196 0.1411111111111111 0.08542713567839195 0.058888888888888886
0 0.5971524288107203 0.2011111111111111 0.07035175879396985 0.04888888888888889
0 0.7227805695142379 0.27055555555555555 0.05360134003350084 0.035555555555555556
0 0.5586264656616415 0.2833333333333333 0.12060301507537688 0.08
0 0.35678391959798994 0.7144444444444444 0.03350083752093802 0.028888888888888888
0 0.5871021775544388 0.5488888888888889 0.48408710217755446 0.39555555555555555
0 0.7504187604690117 0.7355555555555555 0.07872696817420435 0.06555555555555556
0 0.8366834170854272 0.7111111111111111 0.09212730318257957 0.07444444444444444
0 0.5829145728643216 0.8594444444444445 0.03015075376884422 0.023333333333333334
0 0.6172529313232831 0.8983333333333333 0.10887772194304858 0.09888888888888889