0 0.6164154103852596 0.32166666666666666 0.08710217755443886 0.05444444444444444
0 0.1457286432160804 0.27111111111111114 0.018425460636515914 0.011111111111111112
0 0.3458961474036851 0.29944444444444446 0.07202680067001675 0.04555555555555556
0 0.49413735343383586 0.31222222222222223 0.08542713567839195 0.058888888888888886
0 0.6080402010050251 0.14722222222222223 0.07537688442211055 0.05333333333333334
0 0.6515912897822446 0.2111111111111111 0.06197654941373534 0.044444444444444446
0 0.7629815745393634 0.29 0.048576214405360134 0.03222222222222222
0 0.5979899497487438 0.28944444444444445 0.10887772194304858 0.07222222222222222
0 0.31825795644891125 0.7011111111111111 0.02847571189279732 0.02666666666666667
0 0.5778894472361809 0.5555555555555556 0.4204355108877722 0.36444444444444446
0 0.7051926298157454 0.7538888888888889 0.06867671691792294 0.06
0 0.7956448911222781 0.7366666666666667 0.08040201005025126 0.06888888888888889
0 0.5159128978224455 0.8633333333333333 0.02680067001675042 0.021111111111111112
0 0.5435510887772195 0.905 0.09212730318257957 0.09222222222222222