0 0.80419921875 0.7431972789115646 0.244140625 0.4965986394557823
0 0.07861328125 0.8486394557823129 0.1572265625 0.2857142857142857
0 0.041015625 0.66921768707483 0.009765625 0.02040816326530612
0 0.07177734375 0.5263605442176871 0.05078125 0.11734693877551021
0 0.1279296875 0.11819727891156463 0.1064453125 0.1564625850340136
0 0.17578125 0.26700680272108845 0.130859375 0.28401360544217685
0 0.14794921875 0.9617346938775511 0.0185546875 0.047619047619047616
0 0.3359375 0.8120748299319728 0.1689453125 0.3741496598639456
0 0.380859375 0.38605442176870747 0.1669921875 0.3435374149659864
0 0.49365234375 0.7559523809523809 0.2587890625 0.48639455782312924
0 0.49853515625 0.28401360544217685 0.1201171875 0.2534013605442177
0 0.8857421875 0.21173469387755103 0.1923828125 0.42346938775510207