0 0.80908203125 0.7244897959183674 0.25390625 0.5119047619047619
0 0.08544921875 0.8630952380952381 0.1630859375 0.27380952380952384
0 0.044921875 0.6972789115646258 0.009765625 0.02040816326530612
0 0.07275390625 0.5527210884353742 0.052734375 0.12074829931972789
0 0.12060546875 0.141156462585034 0.109375 0.16326530612244897
0 0.17138671875 0.28656462585034015 0.13671875 0.2925170068027211
0 0.1572265625 0.9787414965986394 0.01953125 0.04251700680272109
0 0.34228515625 0.814625850340136 0.1767578125 0.3707482993197279
0 0.37841796875 0.3937074829931973 0.173828125 0.35374149659863946
0 0.49853515625 0.7525510204081632 0.2685546875 0.49489795918367346
0 0.494140625 0.28401360544217685 0.125 0.2602040816326531
0 0.8798828125 0.2032312925170068 0.201171875 0.4064625850340136