0 0.72421875 0.30125 0.2859375 0.2975
0 0.3078125 0.57 0.109375 0.11
0 0.040625 0.483125 0.05625 0.07
0 0.17421875 0.42125 0.0453125 0.05
0 0.2640625 0.090625 0.1328125 0.13
0 0.18125 0.258125 0.1015625 0.10125
0 0.0703125 0.33625 0.0734375 0.065
0 0.33046875 0.408125 0.08125 0.06875
0 0.228125 0.46 0.0453125 0.05125
0 0.14140625 0.628125 0.0859375 0.06125
0 0.60859375 0.471875 0.084375 0.08625
0 0.5546875 0.556875 0.0578125 0.05625
0 0.62109375 0.670625 0.0796875 0.0775
0 0.95390625 0.6325 0.0703125 0.08125
0 0.95859375 0.4525 0.0671875 0.0675
0 0.39921875 0.2325 0.0859375 0.0875
0 0.3 0.301875 0.06875 0.065
0 0.471875 0.3875 0.06875 0.06125
0 0.5953125 0.158125 0.0625 0.06
0 0.72265625 0.0525 0.0796875 0.06875
0 0.9359375 0.21875 0.0765625 0.0775
0 0.8078125 0.52875 0.05 0.05875