0 0.67734375 0.273125 0.346875 0.3325
0 0.32578125 0.595625 0.13125 0.12375
0 0.04375 0.5475 0.0703125 0.07625
0 0.16171875 0.4675 0.05625 0.055
0 0.17890625 0.129375 0.159375 0.14625
0 0.13359375 0.30625 0.121875 0.11375
0 0.0421875 0.398125 0.084375 0.07375
0 0.31328125 0.433125 0.0953125 0.07875
0 0.2234375 0.498125 0.05625 0.05625
0 0.175 0.67625 0.0984375 0.0725
0 0.60078125 0.4575 0.1015625 0.09625
0 0.56640625 0.548125 0.06875 0.06375
0 0.65625 0.65125 0.0953125 0.0875
0 0.965625 0.5675 0.06875 0.09
0 0.94140625 0.389375 0.08125 0.07625
0 0.34296875 0.250625 0.103125 0.0975
0 0.26015625 0.3325 0.08125 0.07375
0 0.44765625 0.393125 0.08125 0.07
0 0.51953125 0.15 0.075 0.0675
0 0.621875 0.03375 0.09375 0.0675
0 0.86796875 0.1625 0.0921875 0.0875
0 0.809375 0.485625 0.0625 0.065