0 0.74921875 0.32125 0.3234375 0.32
0 0.3 0.55375 0.1234375 0.11875
0 0.0453125 0.445 0.065625 0.07375
0 0.1859375 0.394375 0.0515625 0.05375
0 0.31875 0.073125 0.1484375 0.14
0 0.21484375 0.2325 0.1140625 0.10875
0 0.09375 0.30125 0.08125 0.07125
0 0.34375 0.394375 0.0890625 0.075
0 0.23515625 0.4375 0.0515625 0.055
0 0.1265625 0.5975 0.09375 0.0675
0 0.61171875 0.48125 0.0953125 0.0925
0 0.546875 0.56125 0.065625 0.06125
0 0.5984375 0.68 0.0890625 0.08375
0 0.934375 0.67 0.08125 0.08625
0 0.9625 0.49125 0.075 0.0725
0 0.434375 0.225625 0.096875 0.09375
0 0.32734375 0.28625 0.0765625 0.07
0 0.48671875 0.385625 0.0765625 0.06625
0 0.63984375 0.168125 0.0703125 0.065
0 0.7796875 0.07375 0.0875 0.075
0 0.96328125 0.256875 0.0734375 0.08375
0 0.80234375 0.554375 0.0578125 0.0625