0 0.12744140625 0.6099137931034483 0.1904296875 0.5064655172413793
0 0.1591796875 0.78125 0.083984375 0.21336206896551724
0 0.21728515625 0.822198275862069 0.1162109375 0.17025862068965517
0 0.271484375 0.7887931034482759 0.0595703125 0.11853448275862069
0 0.33837890625 0.8178879310344828 0.123046875 0.1724137931034483
0 0.388671875 0.6605603448275862 0.1025390625 0.2801724137931034
0 0.41845703125 0.8200431034482759 0.0751953125 0.15517241379310345
0 0.4716796875 0.834051724137931 0.1220703125 0.1961206896551724
0 0.53564453125 0.5506465517241379 0.2373046875 0.6594827586206896
0 0.4658203125 0.7370689655172413 0.037109375 0.03017241379310345
0 0.73828125 0.7543103448275862 0.41796875 0.3771551724137931
0 0.8154296875 0.47737068965517243 0.2783203125 0.6422413793103449
0 0.87158203125 0.7855603448275862 0.04296875 0.08189655172413793
0 0.908203125 0.8329741379310345 0.09375 0.14655172413793102