0 0.33142201834862384 0.5395189003436426 0.08027522935779817 0.12027491408934708
0 0.11926605504587157 0.436426116838488 0.04128440366972477 0.06872852233676977
0 0.19610091743119265 0.5446735395189003 0.04128440366972477 0.06529209621993128
0 0.09059633027522936 0.4896907216494845 0.034403669724770644 0.058419243986254296
0 0.020642201834862386 0.5395189003436426 0.02981651376146789 0.048109965635738834
0 0.20756880733944955 0.211340206185567 0.02522935779816514 0.054982817869415807
0 0.20756880733944955 0.43127147766323026 0.03669724770642202 0.054982817869415807
0 0.3038990825688073 0.38831615120274915 0.034403669724770644 0.061855670103092786
0 0.4036697247706422 0.5034364261168385 0.05504587155963303 0.11683848797250859
0 0.37844036697247707 0.5773195876288659 0.04128440366972477 0.07560137457044673
0 0.44495412844036697 0.44501718213058417 0.034403669724770644 0.06529209621993128
0 0.5321100917431193 0.281786941580756 0.03211009174311927 0.06529209621993128
0 0.6754587155963303 0.45532646048109965 0.04357798165137615 0.07560137457044673
0 0.6410550458715596 0.5481099656357389 0.05733944954128441 0.08934707903780069
0 0.8944954128440367 0.5171821305841925 0.05045871559633028 0.06872852233676977
0 0.8692660550458715 0.5412371134020618 0.034403669724770644 0.058419243986254296