0 0.3291284403669725 0.5 0.09174311926605505 0.13745704467353953
0 0.13073394495412843 0.3487972508591065 0.0481651376146789 0.07903780068728522
0 0.19495412844036697 0.4725085910652921 0.0481651376146789 0.07560137457044673
0 0.0963302752293578 0.39347079037800686 0.0389908256880734 0.06529209621993128
0 0.022935779816513763 0.4261168384879725 0.034403669724770644 0.054982817869415807
0 0.2408256880733945 0.14604810996563575 0.02981651376146789 0.061855670103092786
0 0.21788990825688073 0.3642611683848797 0.04128440366972477 0.061855670103092786
0 0.3176605504587156 0.3436426116838488 0.04128440366972477 0.06872852233676977
0 0.4048165137614679 0.48109965635738833 0.06651376146788991 0.12714776632302405
0 0.37155963302752293 0.5481099656357389 0.0481651376146789 0.0859106529209622
0 0.4518348623853211 0.4329896907216495 0.04128440366972477 0.07216494845360824
0 0.555045871559633 0.2920962199312715 0.0389908256880734 0.07216494845360824
0 0.6777522935779816 0.4965635738831615 0.05045871559633028 0.0859106529209622
0 0.6341743119266054 0.5807560137457045 0.06651376146788991 0.10309278350515463
0 0.8876146788990825 0.6099656357388317 0.05733944954128441 0.07903780068728522
0 0.8600917431192661 0.627147766323024 0.0389908256880734 0.06529209621993128