0 0.5 0.3981818181818182 1 0.7963636363636364
0 0.22404371584699453 0.2963636363636364 0.2786885245901639 0.21818181818181817
0 0.3825136612021858 0.6272727272727273 0.15846994535519127 0.12363636363636364
0 0.45081967213114754 0.6436363636363637 0.10382513661202186 0.08727272727272728
0 0.6967213114754098 0.6690909090909091 0.09836065573770492 0.08
0 0.7240437158469946 0.5890909090909091 0.10382513661202186 0.08
0 0.2540983606557377 0.9145454545454546 0.07103825136612021 0.05818181818181818
0 0.40437158469945356 0.8218181818181818 0.1092896174863388 0.08363636363636363
0 0.16666666666666666 0.8109090909090909 0.10382513661202186 0.09454545454545454
0 0.5191256830601093 0.9018181818181819 0.1092896174863388 0.07272727272727272
0 0.6639344262295082 0.8181818181818182 0.07103825136612021 0.06181818181818182
0 0.674863387978142 0.92 0.07103825136612021 0.05454545454545454
0 0.8032786885245902 0.8927272727272727 0.08743169398907104 0.06909090909090909
0 0.8579234972677595 0.8945454545454545 0.060109289617486336 0.05454545454545454
0 0.9863387978142076 0.8072727272727273 0.0273224043715847 0.06545454545454546
0 0.9672131147540983 0.9054545454545454 0.0546448087431694 0.04
0 0.9918032786885246 0.9054545454545454 0.01639344262295082 0.04363636363636364