0 0.05755395683453238 0.14560439560439561 0.11510791366906475 0.21428571428571427
0 0.3830935251798561 0.3021978021978022 0.13309352517985612 0.2087912087912088
0 0.5467625899280576 0.2032967032967033 0.16546762589928057 0.2857142857142857
0 0.5809352517985612 0.4423076923076923 0.11510791366906475 0.17582417582417584
0 0.5215827338129496 0.739010989010989 0.1474820143884892 0.27472527472527475
0 0.9298561151079137 0.42857142857142855 0.1223021582733813 0.21978021978021978
0 0.6402877697841727 0.7032967032967034 0.22302158273381295 0.43956043956043955
0 0.9298561151079137 0.8159340659340659 0.07553956834532374 0.11538461538461539
0 0.9226618705035972 0.7307692307692307 0.07553956834532374 0.11538461538461539
0 0.814748201438849 0.48626373626373626 0.0683453237410072 0.13186813186813187
0 0.9118705035971223 0.04945054945054945 0.039568345323741004 0.06593406593406594
0 0.4064748201438849 0.16758241758241757 0.02877697841726619 0.04945054945054945
0 0.20323741007194246 0.40384615384615385 0.0683453237410072 0.10989010989010989
0 0.24820143884892087 0.3269230769230769 0.0683453237410072 0.12087912087912088
0 0.32194244604316546 0.3434065934065934 0.0683453237410072 0.12087912087912088
0 0.04316546762589928 0.45054945054945056 0.025179856115107913 0.04945054945054945
0 0.30935251798561153 0.5521978021978022 0.03597122302158273 0.06043956043956044
0 0.5089928057553957 0.4010989010989011 0.03597122302158273 0.07692307692307693
0 0.8597122302158273 0.3956043956043956 0.02877697841726619 0.054945054945054944
0 0.7266187050359713 0.8901098901098901 0.0539568345323741 0.08791208791208792
0 0.7248201438848921 0.7142857142857143 0.10071942446043165 0.1813186813186813
0 0.44064748201438847 0.7747252747252747 0.04316546762589928 0.1043956043956044
0 0.3237410071942446 0.8956043956043956 0.06115107913669065 0.0989010989010989
0 0.25539568345323743 0.9340659340659341 0.07194244604316546 0.13186813186813187
0 0.8920863309352518 0.521978021978022 0.04316546762589928 0.06043956043956044