0 0.5008880308880308 0.4550515463917526 0.08926640926640927 0.12582474226804125
0 0.5378764478764478 0.1327835051546392 0.059034749034749034 0.061958762886597935
0 0.5777992277992278 0.04453608247422681 0.039729729729729726 0.08907216494845362
0 0.6835907335907336 0.3381443298969072 0.07250965250965251 0.10505154639175257
0 0.588069498069498 0.30036082474226805 0.06544401544401544 0.10154639175257732
0 0.33536679536679537 0.19768041237113404 0.08447876447876447 0.12814432989690722
0 0.4191505791505792 0.1925257731958763 0.05324324324324324 0.09896907216494845
0 0.252007722007722 0.04860824742268041 0.11729729729729729 0.07912371134020618
0 0.0523938223938224 0.1618041237113402 0.1047876447876448 0.292680412371134
0 0.6812355212355212 0.08943298969072165 0.0618918918918919 0.06969072164948453
0 0.18027027027027026 0.448659793814433 0.051042471042471046 0.06747422680412371
0 0.05706563706563706 0.44824742268041234 0.08131274131274131 0.10092783505154639
0 0.15084942084942085 0.04262886597938144 0.04042471042471043 0.07154639175257732
0 0.15247104247104248 0.1384020618556701 0.017915057915057913 0.04402061855670103
0 0.2074903474903475 0.13907216494845362 0.03783783783783784 0.062474226804123706
0 0.6564478764478765 0.5682474226804124 0.04451737451737452 0.06608247422680412
0 0.7114671814671815 0.5676288659793814 0.05158301158301158 0.09484536082474226
0 0.12478764478764479 0.36237113402061855 0.0205019305019305 0.0322680412371134
0 0.193976833976834 0.3344329896907216 0.017258687258687257 0.01943298969072165
0 0.042741312741312744 0.2831443298969072 0.030154440154440153 0.04134020618556701