0 0.5300546448087432 0.4072727272727273 0.9398907103825137 0.8145454545454546
0 0.34972677595628415 0.24363636363636362 0.28415300546448086 0.21818181818181817
0 0.319672131147541 0.5909090909090909 0.16393442622950818 0.12363636363636364
0 0.3770491803278688 0.6218181818181818 0.10382513661202186 0.09090909090909091
0 0.592896174863388 0.7036363636363636 0.09836065573770492 0.08
0 0.6584699453551912 0.6363636363636364 0.1092896174863388 0.08363636363636363
0 0.04644808743169399 0.8290909090909091 0.07650273224043716 0.05818181818181818
0 0.23770491803278687 0.7781818181818182 0.11475409836065574 0.08363636363636363
0 0.03825136612021858 0.7090909090909091 0.07650273224043716 0.09454545454545454
0 0.3005464480874317 0.88 0.1092896174863388 0.07272727272727272
0 0.4808743169398907 0.8363636363636363 0.07650273224043716 0.06181818181818182
0 0.4371584699453552 0.9345454545454546 0.07103825136612021 0.05454545454545454
0 0.5710382513661202 0.9381818181818182 0.08743169398907104 0.06909090909090909
0 0.6202185792349727 0.9527272727272728 0.06557377049180328 0.05454545454545454
0 0.819672131147541 0.9454545454545454 0.07650273224043716 0.06545454545454546
0 0.8224043715846995 0.9109090909090909 0.10382513661202186 0.06545454545454546
0 0.7185792349726776 0.9836363636363636 0.060109289617486336 0.03272727272727273
0 0.773224043715847 0.990909090909091 0.08196721311475409 0.01818181818181818