0 0.17636363636363636 0.3957377049180328 0.058509090909090906 0.10628415300546448
0 0.6687272727272727 0.7396174863387978 0.09756363636363635 0.14502732240437158
0 0.8216727272727273 0.6606010928961749 0.041236363636363634 0.11371584699453552
0 0.5983272727272727 0.6353551912568306 0.0964 0.13316939890710383
0 0.4869090909090909 0.6381967213114754 0.06559999999999999 0.1344808743169399
0 0.4245090909090909 0.47530054644808745 0.04843636363636364 0.1628415300546448
0 0.31701818181818187 0.5220218579234973 0.1439272727272727 0.29918032786885246
0 0.6477454545454545 0.3466120218579235 0.1089090909090909 0.1795081967213115
0 0.7789090909090909 0.5161748633879781 0.08596363636363637 0.16978142076502734
0 0.7166909090909092 0.6598907103825137 0.04821818181818182 0.1125136612021858
0 0.1993818181818182 0.5283606557377049 0.06534545454545454 0.12267759562841529
0 0.9749818181818182 0.6720765027322404 0.05007272727272727 0.1242622950819672
0 0.18123636363636364 0.12420765027322404 0.2283272727272727 0.2484153005464481