0 0.16795366795366795 0.13659793814432988 0.05405405405405406 0.10824742268041238
0 0.5675675675675675 0.17525773195876287 0.08108108108108109 0.10824742268041238
0 0.2471042471042471 0.29896907216494845 0.08494208494208494 0.10309278350515463
0 0.1718146718146718 0.34536082474226804 0.09266409266409266 0.08762886597938144
0 0.11583011583011583 0.5283505154639175 0.10424710424710425 0.16494845360824742
0 0.14285714285714285 0.4329896907216495 0.07335907335907337 0.06701030927835051
0 0.7625482625482626 0.5927835051546392 0.1274131274131274 0.20618556701030927
0 0.7258687258687259 0.865979381443299 0.16216216216216217 0.2268041237113402
0 0.5328185328185329 0.729381443298969 0.138996138996139 0.21649484536082475
0 0.33204633204633205 0.6185567010309279 0.08494208494208494 0.12886597938144329
0 0.48455598455598453 0.47164948453608246 0.06563706563706563 0.1134020618556701
0 0.6177606177606177 0.4252577319587629 0.08494208494208494 0.12371134020618557
0 0.7722007722007722 0.41237113402061853 0.05019305019305019 0.061855670103092786
0 0.972972972972973 0.47680412371134023 0.03088803088803089 0.041237113402061855
0 0.8745173745173745 0.5721649484536082 0.04247104247104247 0.07216494845360824
0 0.7722007722007722 0.7989690721649485 0.07722007722007722 0.12886597938144329
0 0.9498069498069498 0.8891752577319587 0.05405405405405406 0.13402061855670103
0 0.21814671814671815 0.4793814432989691 0.03861003861003861 0.05154639175257732
0 0.28185328185328185 0.46649484536082475 0.04247104247104247 0.08247422680412371
0 0.36293436293436293 0.43041237113402064 0.04633204633204633 0.08247422680412371
0 0.42857142857142855 0.5798969072164949 0.0694980694980695 0.10824742268041238
0 0.4092664092664093 0.711340206185567 0.0694980694980695 0.11855670103092783
0 0.5328185328185329 0.520618556701031 0.03474903474903475 0.05670103092783505
0 0.5714285714285714 0.520618556701031 0.04247104247104247 0.07731958762886598
0 0.5868725868725869 0.33505154639175255 0.03861003861003861 0.06701030927835051
0 0.4555984555984556 0.6494845360824743 0.0694980694980695 0.10824742268041238
0 0.6737451737451737 0.422680412371134 0.023166023166023165 0.03608247422680412