0 0.4942084942084942 0.45618556701030927 0.10424710424710425 0.14432989690721648
0 0.48455598455598453 0.12886597938144329 0.06563706563706563 0.07731958762886598
0 0.5115830115830116 0.041237113402061855 0.05019305019305019 0.08247422680412371
0 0.6563706563706564 0.29381443298969073 0.08494208494208494 0.12371134020618557
0 0.5579150579150579 0.2809278350515464 0.07722007722007722 0.11855670103092783
0 0.2953667953667954 0.24484536082474226 0.10038610038610038 0.14948453608247422
0 0.3764478764478765 0.2190721649484536 0.06563706563706563 0.10824742268041238
0 0.19111969111969113 0.1211340206185567 0.1274131274131274 0.10824742268041238
0 0.04054054054054054 0.2809278350515464 0.08108108108108109 0.31443298969072164
0 0.6196911196911197 0.05154639175257732 0.0694980694980695 0.08247422680412371
0 0.17953667953667954 0.5309278350515464 0.05791505791505792 0.07731958762886598
0 0.05791505791505792 0.5618556701030928 0.09266409266409266 0.11855670103092783
0 0.09266409266409266 0.13917525773195877 0.05019305019305019 0.08247422680412371
0 0.10810810810810811 0.2345360824742268 0.023166023166023165 0.04639175257731959
0 0.16216216216216217 0.2190721649484536 0.04633204633204633 0.07216494845360824
0 0.6640926640926641 0.5283505154639175 0.05405405405405406 0.07731958762886598
0 0.7181467181467182 0.5128865979381443 0.06563706563706563 0.10824742268041238
0 0.11196911196911197 0.46134020618556704 0.023166023166023165 0.03608247422680412
0 0.17567567567567569 0.41494845360824745 0.019305019305019305 0.02577319587628866
0 0.019305019305019305 0.40463917525773196 0.03474903474903475 0.04639175257731959