0 0.0671875 0.5277777777777778 0.05 0.10277777777777777
0 0.484375 0.5083333333333333 0.034375 0.06944444444444445
0 0.37109375 0.6541666666666667 0.0203125 0.03888888888888889
0 0.19140625 0.7069444444444445 0.059375 0.11944444444444445
0 0.2671875 0.7152777777777778 0.0578125 0.11388888888888889
0 0.40078125 0.675 0.0265625 0.05555555555555555
0 0.45078125 0.6680555555555555 0.01875 0.041666666666666664
0 0.465625 0.7069444444444445 0.021875 0.04722222222222222
0 0.48828125 0.6875 0.021875 0.05
0 0.76015625 0.7375 0.096875 0.16944444444444445
0 0.79296875 0.6361111111111111 0.0390625 0.08888888888888889