0 0.08359375 0.7125 0.0625 0.12222222222222222
0 0.4859375 0.5152777777777777 0.0421875 0.08333333333333333
0 0.39609375 0.7055555555555556 0.025 0.04722222222222222
0 0.22890625 0.8333333333333334 0.0734375 0.14166666666666666
0 0.303125 0.8083333333333333 0.071875 0.1361111111111111
0 0.42734375 0.7125 0.0328125 0.06666666666666667
0 0.475 0.6847222222222222 0.0234375 0.04722222222222222
0 0.49453125 0.7152777777777778 0.028125 0.05555555555555555
0 0.5140625 0.6875 0.028125 0.058333333333333334
0 0.784375 0.6180555555555556 0.1171875 0.20555555555555555
0 0.803125 0.5055555555555555 0.05 0.10277777777777777