0 0.38 0.23154362416107382 0.2288888888888889 0.3724832214765101
0 0.545 0.33976510067114096 0.09111111111111111 0.16610738255033558
0 0.6538888888888889 0.35318791946308725 0.051111111111111114 0.06879194630872483
0 0.8661111111111112 0.37080536912751677 0.15555555555555556 0.25
0 0.9244444444444444 0.2139261744966443 0.11444444444444445 0.174496644295302
0 0.16277777777777777 0.40436241610738255 0.21777777777777776 0.34731543624161076
0 0.16277777777777777 0.07634228187919463 0.10555555555555556 0.15268456375838926
0 0.5427777777777778 0.5880872483221476 0.1388888888888889 0.2332214765100671
0 0.46111111111111114 0.7038590604026845 0.08888888888888889 0.15604026845637584
0 0.7711111111111111 0.2139261744966443 0.10888888888888888 0.18120805369127516
0 0.6827777777777778 0.2600671140939597 0.03666666666666667 0.06711409395973154
0 0.6172222222222222 0.16946308724832215 0.09 0.16275167785234898
0 0.4305555555555556 0.45302013422818793 0.08777777777777777 0.11912751677852348
0 0.4122222222222222 0.3540268456375839 0.034444444444444444 0.06711409395973154
0 0.3055555555555556 0.3196308724832215 0.04666666666666667 0.08892617449664429
0 0.2411111111111111 0.18540268456375839 0.056666666666666664 0.11241610738255034
0 0.10666666666666667 0.125 0.08 0.15100671140939598
0 0.6244444444444445 0.6182885906040269 0.09444444444444444 0.16610738255033558
0 0.5327777777777778 0.7365771812080537 0.03333333333333333 0.04865771812080537
0 0.3894444444444444 0.5696308724832215 0.07111111111111111 0.11577181208053691
0 0.2644444444444444 0.6291946308724832 0.03888888888888889 0.0738255033557047
0 0.32222222222222224 0.6442953020134228 0.051111111111111114 0.08389261744966443
0 0.3061111111111111 0.5050335570469798 0.09444444444444444 0.1476510067114094
0 0.38055555555555554 0.7491610738255033 0.13111111111111112 0.2231543624161074
0 0.8544444444444445 0.6862416107382551 0.06666666666666667 0.14429530201342283
0 0.895 0.5864093959731543 0.044444444444444446 0.07214765100671142
0 0.93 0.6015100671140939 0.043333333333333335 0.07550335570469799
0 0.9377777777777778 0.8557046979865772 0.044444444444444446 0.06879194630872483
0 0.9405555555555556 0.3347315436241611 0.03777777777777778 0.06543624161073826
0 0.9661111111111111 0.3187919463087248 0.03111111111111111 0.0738255033557047