0 0.22016666666666665 0.19875 0.08343333333333333 0.13916666666666666
0 0.7079 0.5399404761904761 0.20556666666666668 0.43613095238095234
0 0.8489 0.2876190476190476 0.03216666666666667 0.06976190476190476
0 0.5124666666666667 0.37410714285714286 0.08283333333333334 0.14791666666666667
0 0.21506666666666666 0.49339285714285713 0.07436666666666666 0.18351190476190476
0 0.3065333333333333 0.32529761904761906 0.04463333333333334 0.09142857142857143
0 0.5740333333333334 0.12732142857142859 0.0404 0.060059523809523806
0 0.5448333333333333 0.5854761904761905 0.13756666666666667 0.29267857142857145
0 0.3089 0.6783928571428571 0.06903333333333334 0.1193452380952381
0 0.6616 0.15845238095238096 0.015566666666666666 0.039702380952380954
0 0.3829333333333333 0.4710714285714286 0.022533333333333332 0.03994047619047619
0 0.4084 0.7046428571428571 0.0449 0.10315476190476189
0 0.3372 0.34886904761904763 0.021566666666666665 0.059166666666666666
0 0.117 0.3947619047619047 0.01923333333333333 0.04041666666666667
0 0.2746 0.5752380952380952 0.020166666666666666 0.031369047619047616
0 0.49446666666666667 0.2751190476190476 0.0337 0.04345238095238095
0 0.5215 0.2745238095238095 0.014633333333333332 0.037976190476190476
0 0.6054 0.4007142857142857 0.027 0.05232142857142857
0 0.44316666666666665 0.49470238095238095 0.014400000000000001 0.027619047619047616
0 0.42899999999999994 0.6364285714285715 0.03133333333333333 0.05178571428571428
0 0.3602 0.6863690476190476 0.027033333333333333 0.07083333333333333