0 0.5238545454545455 0.37775956284153 0.35603636363636365 0.7141530054644809
0 0.8030909090909091 0.24923497267759562 0.1336 0.0007103825136612022
0 0.8565818181818182 0.4372131147540984 0.24058181818181817 0.45595628415300543
0 0.4229090909090909 0.7001092896174864 0.14523636363636364 0.3097267759562842
0 0.1777090909090909 0.696775956284153 0.1628 0.3041530054644809
0 0.06323636363636363 0.7511475409836066 0.12647272727272726 0.2885245901639344
0 0.23610909090909094 0.5370491803278689 0.07312727272727272 0.12546448087431694
0 0.17254545454545456 0.3165573770491803 0.031236363636363635 0.052240437158469946
0 0.22334545454545454 0.3076502732240437 0.05334545454545454 0.09245901639344263
0 0.9421090909090909 0.7969945355191257 0.11581818181818182 0.2085792349726776
0 0.2233090909090909 0.123224043715847 0.0964 0.16999999999999998
0 0.08498181818181819 0.1184153005464481 0.1134909090909091 0.21497267759562844
0 0.33840000000000003 0.06797814207650273 0.060872727272727266 0.1309289617486339
0 0.8069090909090909 0.06967213114754098 0.06916363636363636 0.13431693989071036
0 0.7263272727272727 0.05918032786885246 0.07589090909090909 0.10491803278688525
0 0.7937454545454545 0.17978142076502732 0.04287272727272727 0.060273224043715844
0 0.862 0.09218579234972678 0.02832727272727273 0.04060109289617486
0 0.9144363636363636 0.09808743169398906 0.037418181818181816 0.07371584699453552
0 0.9232363636363636 0.050765027322404364 0.05574545454545454 0.08808743169398908
0 0.7304 0.19404371584699454 0.0868 0.13928961748633878
0 0.8509454545454546 0.20688524590163934 0.04818181818181818 0.06825136612021858
0 0.9470181818181819 0.22136612021857924 0.024945454545454545 0.05103825136612022
0 0.9681454545454545 0.2407103825136612 0.036290909090909096 0.053224043715847
0 0.967709090909091 0.480655737704918 0.038363636363636364 0.04836065573770491
0 0.9791999999999998 0.409672131147541 0.033345454545454546 0.05765027322404372
0 0.9624000000000001 0.6104918032786886 0.03894545454545455 0.06420765027322405
0 0.9822545454545455 0.540327868852459 0.02832727272727273 0.05
0 0.7635272727272727 0.850655737704918 0.0552 0.08633879781420765
0 0.8015636363636364 0.8353005464480875 0.047345454545454545 0.09349726775956284
0 0.8498181818181818 0.7853005464480874 0.08512727272727273 0.153224043715847
0 0.7390545454545455 0.6754098360655737 0.14330909090909089 0.2990710382513661
0 0.5825818181818182 0.8336065573770493 0.10167272727272728 0.18262295081967214
0 0.4956 0.8128415300546448 0.07312727272727272 0.17043715846994537
0 0.25367272727272727 0.8372131147540984 0.0536 0.1687431693989071
0 0.2986909090909091 0.8262841530054645 0.09127272727272728 0.15530054644808744
0 0.33589090909090913 0.849672131147541 0.07283636363636364 0.14688524590163934
0 0.38385454545454545 0.8305464480874317 0.06359999999999999 0.14726775956284152
0 0.8886909090909091 0.8677049180327868 0.03418181818181818 0.06573770491803278
0 0.7003272727272727 0.39032786885245907 0.035054545454545456 0.07781420765027322
0 0.6982181818181817 0.28650273224043715 0.056036363636363634 0.09721311475409836
0 0.3890181818181818 0.49010928961748634 0.06923636363636364 0.09666666666666668
0 0.09898181818181817 0.44387978142076506 0.07432727272727273 0.14710382513661202
0 0.014109090909090908 0.4915846994535519 0.028254545454545452 0.08950819672131147
0 0.04247272727272727 0.4394535519125683 0.04523636363636364 0.08366120218579236
0 0.12374545454545455 0.5331693989071038 0.03152727272727273 0.0440983606557377
0 0.14694545454545455 0.46491803278688526 0.05 0.07989071038251366
0 0.10149090909090909 0.3907103825136612 0.04469090909090909 0.08704918032786885
0 0.02669090909090909 0.3146994535519126 0.027636363636363636 0.04420765027322404
0 0.092 0.3159562841530055 0.026763636363636364 0.03836065573770492
0 0.026000000000000002 0.23863387978142078 0.017854545454545456 0.0266120218579235
0 0.05730909090909091 0.24956284153005465 0.018945454545454547 0.03169398907103825
0 0.09770909090909091 0.23923497267759564 0.029854545454545457 0.0573224043715847
0 0.018836363636363634 0.20355191256830601 0.023163636363636365 0.03633879781420765
0 0.1633090909090909 0.19196721311475412 0.029563636363636365 0.05103825136612022
0 0.2361818181818182 0.25163934426229506 0.021454545454545455 0.05267759562841531
0 0.26974545454545457 0.21612021857923497 0.032618181818181824 0.05311475409836066
0 0.30792727272727277 0.19300546448087433 0.03905454545454545 0.0573224043715847
0 0.2514181818181818 0.3850819672131148 0.04352727272727273 0.08830601092896175
0 0.31003636363636367 0.4655737704918033 0.06585454545454546 0.11639344262295083
0 0.2961818181818182 0.39114754098360655 0.05472727272727273 0.09628415300546449
0 0.3236 0.4155737704918033 0.047090909090909086 0.09027322404371585
0 0.3481818181818182 0.37497267759562847 0.02450909090909091 0.05136612021857924
0 0.3668 0.42185792349726775 0.03061818181818182 0.05245901639344262