0 0.25 0.125 0.09333333333333334 0.16071428571428573
0 0.7016666666666667 0.5982142857142857 0.24 0.4880952380952381
0 0.8633333333333333 0.3869047619047619 0.03666666666666667 0.07738095238095238
0 0.5233333333333333 0.37797619047619047 0.09333333333333334 0.16666666666666666
0 0.21833333333333332 0.41369047619047616 0.09 0.20238095238095238
0 0.325 0.27380952380952384 0.05333333333333334 0.10119047619047619
0 0.605 0.15178571428571427 0.04666666666666667 0.07142857142857142
0 0.5366666666666666 0.5982142857142857 0.16 0.3273809523809524
0 0.295 0.6220238095238095 0.08 0.13690476190476192
0 0.69 0.20833333333333334 0.02 0.041666666666666664
0 0.38666666666666666 0.4375 0.02666666666666667 0.047619047619047616
0 0.39166666666666666 0.6755952380952381 0.05333333333333334 0.1130952380952381
0 0.3516666666666667 0.30654761904761907 0.02666666666666667 0.06547619047619048
0 0.13166666666666665 0.28869047619047616 0.023333333333333334 0.047619047619047616
0 0.27 0.5119047619047619 0.023333333333333334 0.03571428571428571
0 0.515 0.2767857142857143 0.03666666666666667 0.05357142857142857
0 0.5416666666666666 0.28273809523809523 0.016666666666666666 0.041666666666666664
0 0.6133333333333333 0.43154761904761907 0.03 0.05952380952380952
0 0.445 0.4791666666666667 0.016666666666666666 0.02976190476190476
0 0.41833333333333333 0.6160714285714286 0.03666666666666667 0.05952380952380952
0 0.345 0.6458333333333334 0.03333333333333333 0.07738095238095238