0 0.10727272727272727 0.46174863387978143 0.21454545454545454 0.4644808743169399
0 0.20909090909090908 0.25136612021857924 0.3490909090909091 0.4207650273224044
0 0.3781818181818182 0.2814207650273224 0.13818181818181818 0.19672131147540983
0 0.56 0.2896174863387978 0.4581818181818182 0.5792349726775956
0 0.7945454545454546 0.6639344262295082 0.09090909090909091 0.15846994535519127
0 0.7945454545454546 0.6038251366120219 0.11272727272727273 0.20218579234972678
0 0.5654545454545454 0.7103825136612022 0.09818181818181818 0.1912568306010929
0 0.6890909090909091 0.8825136612021858 0.16 0.17486338797814208
0 0.28363636363636363 0.8770491803278688 0.18181818181818182 0.2459016393442623
0 0.3654545454545455 0.5901639344262295 0.3418181818181818 0.5737704918032787
0 0.12181818181818181 0.7841530054644809 0.14181818181818182 0.25136612021857924
0 0.16 0.9234972677595629 0.23272727272727273 0.15300546448087432
0 0.8963636363636364 0.7103825136612022 0.20727272727272728 0.36065573770491804
0 0.02727272727272727 0.22950819672131148 0.05454545454545454 0.18579234972677597
0 0.04363636363636364 0.2540983606557377 0.06909090909090909 0.12021857923497267
0 0.18545454545454546 0.6366120218579235 0.1709090909090909 0.31693989071038253
0 0.20545454545454545 0.48360655737704916 0.09090909090909091 0.15846994535519127
0 0.7818181818181819 0.3333333333333333 0.23272727272727273 0.4371584699453552
0 0.84 0.1721311475409836 0.27636363636363637 0.3442622950819672
0 0.9218181818181819 0.3907103825136612 0.15636363636363637 0.453551912568306
0 0.8581818181818182 0.4644808743169399 0.10181818181818182 0.19672131147540983
0 0.9363636363636364 0.5109289617486339 0.06181818181818182 0.10382513661202186
0 0.7327272727272728 0.4672131147540984 0.12 0.2185792349726776
0 0.68 0.5601092896174863 0.08 0.14207650273224043
0 0.6945454545454546 0.7404371584699454 0.08727272727272728 0.16939890710382513
0 0.7145454545454546 0.6147540983606558 0.06909090909090909 0.13114754098360656
0 0.5290909090909091 0.5737704918032787 0.10545454545454545 0.1912568306010929
0 0.4818181818181818 0.6967213114754098 0.11636363636363636 0.20765027322404372
0 0.2781818181818182 0.6994535519125683 0.06545454545454546 0.13114754098360656
0 0.05272727272727273 0.6912568306010929 0.10545454545454545 0.2677595628415301
0 0.09090909090909091 0.8907103825136612 0.05818181818181818 0.09289617486338798
0 0.06909090909090909 0.8224043715846995 0.06545454545454546 0.09836065573770492
0 0.19090909090909092 0.8169398907103825 0.08727272727272728 0.14754098360655737
0 0.39090909090909093 0.8907103825136612 0.16363636363636364 0.2185792349726776
0 0.3490909090909091 0.9781420765027322 0.06545454545454546 0.04371584699453552
0 0.4781818181818182 0.860655737704918 0.12 0.21311475409836064
0 0.4618181818181818 0.953551912568306 0.05818181818181818 0.09289617486338798
0 0.5527272727272727 0.9508196721311475 0.08 0.09836065573770492
0 0.5236363636363637 0.8825136612021858 0.05818181818181818 0.09836065573770492
0 0.5527272727272727 0.819672131147541 0.08363636363636363 0.14207650273224043
0 0.6090909090909091 0.8333333333333334 0.04727272727272727 0.08196721311475409
0 0.6345454545454545 0.7786885245901639 0.06181818181818182 0.09836065573770492
0 0.7654545454545455 0.8387978142076503 0.16363636363636364 0.21311475409836064