0 0.19 0.31845238095238093 0.1 0.16666666666666666
0 0.7083333333333334 0.45535714285714285 0.25666666666666665 0.5059523809523809
0 0.8133333333333334 0.15178571428571427 0.04 0.08333333333333333
0 0.49666666666666665 0.37202380952380953 0.1 0.17857142857142858
0 0.22166666666666668 0.6071428571428571 0.09666666666666666 0.20833333333333334
0 0.29 0.40773809523809523 0.056666666666666664 0.10714285714285714
0 0.525 0.10714285714285714 0.04666666666666667 0.07738095238095238
0 0.555 0.5654761904761905 0.17 0.3392857142857143
0 0.33666666666666667 0.75 0.08333333333333333 0.14285714285714285
0 0.615 0.10119047619047619 0.02 0.047619047619047616
0 0.38166666666666665 0.5178571428571429 0.02666666666666667 0.047619047619047616
0 0.43666666666666665 0.7351190476190477 0.056666666666666664 0.11904761904761904
0 0.32166666666666666 0.4166666666666667 0.03 0.06547619047619048
0 0.11333333333333333 0.5505952380952381 0.023333333333333334 0.047619047619047616
0 0.29 0.6636904761904762 0.023333333333333334 0.03571428571428571
0 0.4666666666666667 0.28273809523809523 0.03666666666666667 0.05357142857142857
0 0.49333333333333335 0.2708333333333333 0.02 0.041666666666666664
0 0.59 0.3601190476190476 0.03333333333333333 0.05952380952380952
0 0.44333333333333336 0.5178571428571429 0.016666666666666666 0.02976190476190476
0 0.4483333333333333 0.6607142857142857 0.03666666666666667 0.06547619047619048
0 0.38666666666666666 0.7380952380952381 0.03666666666666667 0.07738095238095238