0 0.13636363636363635 0.22131147540983606 0.2581818181818182 0.4426229508196721
0 0.30727272727272725 0.15027322404371585 0.3527272727272727 0.3005464480874317
0 0.4509090909090909 0.22404371584699453 0.13818181818181818 0.19672131147540983
0 0.6236363636363637 0.3251366120218579 0.4618181818181818 0.6502732240437158
0 0.7218181818181818 0.8360655737704918 0.09454545454545454 0.15846994535519127
0 0.7381818181818182 0.7814207650273224 0.11636363636363636 0.20218579234972678
0 0.5 0.7349726775956285 0.10181818181818182 0.1912568306010929
0 0.5636363636363636 0.9371584699453552 0.16 0.12568306010928962
0 0.19272727272727272 0.726775956284153 0.18181818181818182 0.2896174863387978
0 0.3527272727272727 0.4972677595628415 0.34545454545454546 0.5792349726775956
0 0.07636363636363637 0.5163934426229508 0.14181818181818182 0.2568306010928962
0 0.08545454545454545 0.7349726775956285 0.1709090909090909 0.3005464480874317
0 0.8236363636363636 0.8879781420765027 0.26545454545454544 0.22404371584699453
0 0.15636363636363637 0.02459016393442623 0.07272727272727272 0.04918032786885246
0 0.17636363636363636 0.42349726775956287 0.17454545454545456 0.31693989071038253
0 0.2381818181818182 0.2978142076502732 0.09090909090909091 0.15846994535519127
0 0.8018181818181818 0.5273224043715847 0.23636363636363636 0.4426229508196721
0 0.889090909090909 0.3524590163934426 0.22181818181818183 0.4972677595628415
0 0.9163636363636364 0.674863387978142 0.16727272727272727 0.453551912568306
0 0.8345454545454546 0.6967213114754098 0.10181818181818182 0.19672131147540983
0 0.8927272727272727 0.7868852459016393 0.06545454545454546 0.10382513661202186
0 0.72 0.6174863387978142 0.12363636363636364 0.2185792349726776
0 0.6472727272727272 0.6693989071038251 0.08 0.14207650273224043
0 0.6090909090909091 0.8415300546448088 0.08727272727272728 0.16939890710382513
0 0.6636363636363637 0.7404371584699454 0.06909090909090909 0.13114754098360656
0 0.5054545454545455 0.5846994535519126 0.10909090909090909 0.1912568306010929
0 0.4290909090909091 0.6666666666666666 0.11636363636363636 0.20765027322404372
0 0.24363636363636362 0.5409836065573771 0.06545454545454546 0.13114754098360656
0 0.04727272727272727 0.3907103825136612 0.09454545454545454 0.2677595628415301
0 0.023636363636363636 0.592896174863388 0.04727272727272727 0.09289617486338798
0 0.025454545454545455 0.5191256830601093 0.05090909090909091 0.09836065573770492
0 0.13090909090909092 0.592896174863388 0.08727272727272728 0.14754098360655737
0 0.2818181818181818 0.8142076502732241 0.16363636363636364 0.2786885245901639
0 0.22363636363636363 0.8661202185792349 0.06545454545454546 0.1092896174863388
0 0.3781818181818182 0.8142076502732241 0.12363636363636364 0.2185792349726776
0 0.3381818181818182 0.8879781420765027 0.05818181818181818 0.09289617486338798
0 0.42 0.9426229508196722 0.08 0.10382513661202186
0 0.4127272727272727 0.860655737704918 0.06181818181818182 0.09836065573770492
0 0.4581818181818182 0.825136612021858 0.08363636363636363 0.14207650273224043
0 0.5036363636363637 0.8715846994535519 0.05090909090909091 0.08743169398907104
0 0.5436363636363636 0.8387978142076503 0.06181818181818182 0.09836065573770492
0 0.6454545454545455 0.9316939890710383 0.16363636363636364 0.1366120218579235