0 0.11474609375 0.4527994791666667 0.0380859375 0.055989583333333336
0 0.372802734375 0.8030598958333334 0.03125 0.055989583333333336
0 0.337158203125 0.8053385416666666 0.0927734375 0.181640625
0 0.364501953125 0.6839192708333334 0.041015625 0.06770833333333333
0 0.31103515625 0.6383463541666666 0.05224609375 0.10286458333333333
0 0.228271484375 0.8759765625 0.037109375 0.06315104166666667
0 0.06396484375 0.9251302083333334 0.0283203125 0.018229166666666668
0 0.1796875 0.859375 0.03955078125 0.057942708333333336
0 0.153564453125 0.8046875 0.0380859375 0.064453125
0 0.0791015625 0.7919921875 0.0791015625 0.12630208333333334
0 0.489501953125 0.16438802083333334 0.05322265625 0.087890625
0 0.385986328125 0.4602864583333333 0.04736328125 0.08658854166666667
0 0.55078125 0.3004557291666667 0.048828125 0.07486979166666667
0 0.503662109375 0.421875 0.140625 0.21809895833333334
0 0.724853515625 0.2744140625 0.0546875 0.10091145833333333
0 0.624267578125 0.3997395833333333 0.05126953125 0.08072916666666667
0 0.699462890625 0.4560546875 0.05712890625 0.083984375
0 0.88525390625 0.3505859375 0.07080078125 0.11458333333333333
0 0.547607421875 0.7727864583333334 0.0283203125 0.044921875
0 0.630126953125 0.9241536458333334 0.05517578125 0.08984375
0 0.67822265625 0.5579427083333334 0.0341796875 0.053385416666666664
0 0.671875 0.58984375 0.0673828125 0.12044270833333333
0 0.854736328125 0.8802083333333334 0.0576171875 0.09505208333333333
0 0.24755859375 0.5104166666666666 0.08984375 0.140625
0 0.715087890625 0.80859375 0.19677734375 0.3828125
0 0.806396484375 0.6969401041666666 0.33837890625 0.6061197916666666
0 0.22265625 0.4814453125 0.056640625 0.091796875
0 0.112060546875 0.5244140625 0.07177734375 0.111328125
0 0.082275390625 0.4905598958333333 0.04736328125 0.07486979166666667