0 0.11376953125 0.470703125 0.037109375 0.0546875
0 0.380615234375 0.8089192708333334 0.0302734375 0.0546875
0 0.34521484375 0.8125 0.08837890625 0.17903645833333334
0 0.369384765625 0.6901041666666666 0.03955078125 0.06640625
0 0.31494140625 0.6471354166666666 0.05029296875 0.10091145833333333
0 0.23828125 0.8883463541666666 0.0361328125 0.061848958333333336
0 0.0751953125 0.9453125 0.0283203125 0.016927083333333332
0 0.189208984375 0.8740234375 0.03857421875 0.056640625
0 0.161865234375 0.8206380208333334 0.03662109375 0.06315104166666667
0 0.0869140625 0.8111979166666666 0.076171875 0.12369791666666667
0 0.480712890625 0.1650390625 0.05126953125 0.0859375
0 0.385009765625 0.4658203125 0.04541015625 0.08528645833333333
0 0.545654296875 0.2981770833333333 0.04736328125 0.07291666666666667
0 0.501708984375 0.421875 0.13623046875 0.212890625
0 0.718994140625 0.2639973958333333 0.05224609375 0.09895833333333333
0 0.62158203125 0.3938802083333333 0.0498046875 0.07942708333333333
0 0.697998046875 0.4466145833333333 0.0556640625 0.08203125
0 0.881103515625 0.3326822916666667 0.068359375 0.11197916666666667
0 0.5546875 0.7705078125 0.02734375 0.043619791666666664
0 0.64111328125 0.9176432291666666 0.05322265625 0.087890625
0 0.679443359375 0.5498046875 0.03271484375 0.052083333333333336
0 0.674072265625 0.5817057291666666 0.06494140625 0.11848958333333333
0 0.8642578125 0.86328125 0.05517578125 0.09309895833333333
0 0.248046875 0.5221354166666666 0.0869140625 0.13736979166666666
0 0.72314453125 0.8043619791666666 0.1875 0.3880208333333333
0 0.8115234375 0.6923828125 0.32421875 0.615234375
0 0.222412109375 0.4944661458333333 0.0546875 0.08984375
0 0.113037109375 0.5423177083333334 0.0693359375 0.10872395833333333
0 0.082275390625 0.5100911458333334 0.0458984375 0.07291666666666667