0 0.540650406504065 0.6 0.02032520325203252 0.04242424242424243
0 0.7560975609756098 0.5424242424242425 0.012195121951219513 0.024242424242424242
0 0.6138211382113821 0.6060606060606061 0.008130081300813009 0.024242424242424242
0 0.7621951219512195 0.26666666666666666 0.016260162601626018 0.024242424242424242
0 0.717479674796748 0.45151515151515154 0.016260162601626018 0.024242424242424242
0 0.5264227642276422 0.4727272727272727 0.016260162601626018 0.024242424242424242
0 0.5142276422764228 0.42424242424242425 0.016260162601626018 0.024242424242424242
0 0.37601626016260165 0.5545454545454546 0.032520325203252036 0.06666666666666667
0 0.32926829268292684 0.2909090909090909 0.036585365853658534 0.05454545454545454
0 0.20121951219512196 0.5484848484848485 0.08943089430894309 0.16363636363636364
0 0.5873983739837398 0.5757575757575758 0.012195121951219513 0.024242424242424242