0 0.0715625 0.3441666666666667 0.02 0.029166666666666667
0 0.709375 0.28208333333333335 0.196875 0.33166666666666667
0 0.4778125 0.485 0.0125 0.019166666666666665
0 0.563125 0.4575 0.025 0.0425
0 0.19625 0.26666666666666666 0.098125 0.16583333333333333
0 0.025625 0.39666666666666667 0.020625 0.0325
0 0.0459375 0.37125 0.01875 0.029166666666666667
0 0.039375 0.35791666666666666 0.01125 0.0175
0 0.15625 0.39708333333333334 0.01875 0.03166666666666667
0 0.141875 0.455 0.015 0.023333333333333334
0 0.1490625 0.43583333333333335 0.01625 0.024166666666666666
0 0.183125 0.35208333333333336 0.043125 0.0775
0 0.2390625 0.4508333333333333 0.015 0.025833333333333333
0 0.2453125 0.42833333333333334 0.011875 0.018333333333333333
0 0.2540625 0.47625 0.015 0.024166666666666666
0 0.2665625 0.4025 0.00875 0.014166666666666666
0 0.275 0.4354166666666667 0.02375 0.04
0 0.2809375 0.44 0.01 0.019166666666666665
0 0.276875 0.46458333333333335 0.013125 0.021666666666666667
0 0.2928125 0.38083333333333336 0.03125 0.050833333333333335
0 0.2959375 0.40958333333333335 0.011875 0.019166666666666665
0 0.319375 0.37625 0.01125 0.0175
0 0.339375 0.4583333333333333 0.01375 0.029166666666666667
0 0.3153125 0.5 0.018125 0.03166666666666667
0 0.37625 0.45 0.020625 0.035833333333333335
0 0.4621875 0.40041666666666664 0.03 0.055
0 0.4521875 0.5158333333333334 0.01125 0.023333333333333334