0 0.20923913043478262 0.8 0.12635869565217392 0.22857142857142856
0 0.140625 0.5336734693877551 0.0625 0.12653061224489795
0 0.25339673913043476 0.2938775510204082 0.17255434782608695 0.3142857142857143
0 0.6283967391304348 0.7816326530612245 0.019021739130434784 0.04693877551020408
0 0.8947010869565217 0.513265306122449 0.020380434782608696 0.04081632653061224
0 0.8845108695652174 0.5857142857142857 0.020380434782608696 0.03469387755102041
0 0.8383152173913043 0.6377551020408163 0.017663043478260868 0.030612244897959183
0 0.8260869565217391 0.6316326530612245 0.02717391304347826 0.04897959183673469
0 0.8016304347826086 0.6642857142857143 0.02309782608695652 0.04693877551020408
0 0.766983695652174 0.639795918367347 0.02309782608695652 0.05102040816326531
0 0.7561141304347826 0.576530612244898 0.02309782608695652 0.04285714285714286
0 0.7452445652173914 0.5908163265306122 0.020380434782608696 0.04081632653061224
0 0.2873641304347826 0.5897959183673469 0.11548913043478261 0.23265306122448978
0 0.39809782608695654 0.3948979591836735 0.12364130434782608 0.22653061224489796
0 0.7533967391304348 0.5387755102040817 0.02309782608695652 0.044897959183673466
0 0.8023097826086957 0.560204081632653 0.019021739130434784 0.03877551020408163
0 0.704483695652174 0.8173469387755102 0.025815217391304348 0.044897959183673466
0 0.5713315217391305 0.4683673469387755 0.17255434782608695 0.3163265306122449
0 0.6936141304347826 0.6785714285714286 0.017663043478260868 0.02857142857142857
0 0.6440217391304348 0.32040816326530613 0.1358695652173913 0.26326530612244897
0 0.7934782608695652 0.25816326530612244 0.17255434782608695 0.373469387755102
0 0.673233695652174 0.4561224489795918 0.036684782608695655 0.061224489795918366
0 0.923233695652174 0.27346938775510204 0.019021739130434784 0.03469387755102041
0 0.34035326086956524 0.9173469387755102 0.017663043478260868 0.02857142857142857
0 0.4361413043478261 0.8489795918367347 0.019021739130434784 0.03877551020408163
0 0.49116847826086957 0.810204081632653 0.017663043478260868 0.03877551020408163
0 0.5584239130434783 0.7030612244897959 0.019021739130434784 0.03877551020408163