0 0.6309090909090909 0.6038251366120219 0.01818181818181818 0.03278688524590164
0 0.6727272727272727 0.5956284153005464 0.02181818181818182 0.03825136612021858
0 0.8709090909090909 0.3825136612021858 0.06545454545454546 0.12568306010928962
0 0.6581818181818182 0.5245901639344263 0.025454545454545455 0.04371584699453552
0 0.6381818181818182 0.5683060109289617 0.01818181818181818 0.03278688524590164
0 0.6581818181818182 0.5573770491803278 0.04 0.07103825136612021
0 0.14181818181818182 0.4098360655737705 0.03272727272727273 0.06557377049180328
0 0.2309090909090909 0.319672131147541 0.06909090909090909 0.14207650273224043
0 0.2818181818181818 0.45901639344262296 0.03272727272727273 0.060109289617486336
0 0.30727272727272725 0.33879781420765026 0.01818181818181818 0.03825136612021858
0 0.3181818181818182 0.3114754098360656 0.02181818181818182 0.04371584699453552
0 0.4509090909090909 0.2786885245901639 0.025454545454545455 0.04918032786885246
0 0.48363636363636364 0.3251366120218579 0.02181818181818182 0.03825136612021858
0 0.4109090909090909 0.37158469945355194 0.02181818181818182 0.04918032786885246
0 0.4036363636363636 0.4262295081967213 0.025454545454545455 0.0546448087431694
0 0.37272727272727274 0.4726775956284153 0.02181818181818182 0.04918032786885246
0 0.38 0.44808743169398907 0.025454545454545455 0.04918032786885246
0 0.3145454545454546 0.6038251366120219 0.014545454545454545 0.0273224043715847
0 0.3109090909090909 0.6256830601092896 0.02181818181818182 0.03825136612021858
0 0.54 0.412568306010929 0.01818181818181818 0.03278688524590164
0 0.7218181818181818 0.366120218579235 0.04363636363636364 0.07650273224043716
0 0.42727272727272725 0.5245901639344263 0.014545454545454545 0.03278688524590164
0 0.4581818181818182 0.5245901639344263 0.025454545454545455 0.04371584699453552
0 0.5036363636363637 0.4918032786885246 0.03636363636363636 0.06557377049180328
0 0.5163636363636364 0.46174863387978143 0.02909090909090909 0.04918032786885246
0 0.5727272727272728 0.42896174863387976 0.014545454545454545 0.0273224043715847
0 0.5418181818181819 0.4562841530054645 0.02181818181818182 0.03825136612021858
0 0.5690909090909091 0.5081967213114754 0.014545454545454545 0.02185792349726776
0 0.7109090909090909 0.4781420765027322 0.01818181818181818 0.03278688524590164
0 0.6054545454545455 0.6284153005464481 0.01818181818181818 0.03825136612021858
0 0.7 0.5546448087431693 0.01818181818181818 0.03825136612021858
0 0.6090909090909091 0.5901639344262295 0.014545454545454545 0.03278688524590164