0 0.9166666666666666 0.825653798256538 0.085 0.1295143212951432
0 0.8954166666666666 0.9115815691158157 0.11416666666666667 0.17683686176836863
0 0.7254166666666667 0.8468244084682441 0.115 0.16811955168119552
0 0.785 0.8175591531755916 0.23666666666666666 0.36488169364881695
0 0.7891666666666667 0.9327521793275217 0.18666666666666668 0.13449564134495642
0 0.3779166666666667 0.5790784557907845 0.05333333333333334 0.07721046077210461
0 0.2608333333333333 0.3816936488169365 0.021666666666666667 0.0361145703611457
0 0.28708333333333336 0.41843088418430885 0.018333333333333333 0.0323785803237858
0 0.25625 0.4016189290161893 0.0125 0.021170610211706103
0 0.30583333333333335 0.45828144458281445 0.021666666666666667 0.0361145703611457
0 0.3308333333333333 0.45143212951432127 0.010833333333333334 0.0161892901618929
0 0.32625 0.4775840597758406 0.023333333333333334 0.038605230386052306
0 0.21125 0.25653798256537985 0.014166666666666666 0.0224159402241594
0 0.19375 0.2783312577833126 0.03666666666666667 0.06102117061021171
0 0.1975 0.30510585305105853 0.025 0.0448318804483188
0 0.19166666666666668 0.350560398505604 0.01 0.0186799501867995
0 0.21125 0.35554171855541716 0.021666666666666667 0.034869240348692404
0 0.23916666666666667 0.2957658779576588 0.0125 0.021170610211706103
0 0.24458333333333335 0.32129514321295144 0.03 0.049813200498132
0 0.3016666666666667 0.35990037359900373 0.010833333333333334 0.0161892901618929
0 0.245 0.3792029887920299 0.0175 0.031133250311332503
0 0.07166666666666667 0.043586550435865505 0.020833333333333332 0.043586550435865505
0 0.16666666666666666 0.1793275217932752 0.03166666666666667 0.053549190535491904
0 0.09833333333333333 0.1843088418430884 0.014166666666666666 0.021170610211706103
0 0.5470833333333334 0.050435865504358655 0.06416666666666666 0.10087173100871731
0 0.6075 0.06413449564134496 0.05416666666666667 0.08717310087173101
0 0.6941666666666667 0.07658779576587796 0.0325 0.04234122042341221
0 0.8004166666666667 0.20174346201743462 0.05583333333333333 0.09339975093399751
0 0.9529166666666666 0.27584059775840597 0.09416666666666666 0.23536737235367372
0 0.6366666666666667 0.2054794520547945 0.049166666666666664 0.0859277708592777
0 0.7520833333333333 0.28704856787048566 0.03666666666666667 0.058530510585305104
0 0.7045833333333333 0.34869240348692404 0.045 0.0759651307596513
0 0.60125 0.2727272727272727 0.03 0.052303860523038606
0 0.6016666666666667 0.2982565379825654 0.02666666666666667 0.043586550435865505
0 0.7716666666666666 0.4887920298879203 0.03666666666666667 0.062266500622665005
0 0.8179166666666666 0.5940224159402242 0.04 0.0660024906600249
0 0.6404166666666666 0.5473225404732254 0.025833333333333333 0.043586550435865505
0 0.6645833333333333 0.5990037359900373 0.0675 0.11706102117061021
0 0.6541666666666667 0.4663760896637609 0.05583333333333333 0.0958904109589041
0 0.6025 0.4464508094645081 0.04583333333333333 0.08841843088418432
0 0.5275 0.43212951432129515 0.024166666666666666 0.04234122042341221
0 0.46375 0.3729763387297634 0.025833333333333333 0.0448318804483188
0 0.36583333333333334 0.2957658779576588 0.0125 0.0186799501867995
0 0.35041666666666665 0.33872976338729766 0.0125 0.0224159402241594
0 0.25666666666666665 0.23038605230386053 0.015833333333333335 0.026151930261519303
0 0.4116666666666667 0.1793275217932752 0.04583333333333333 0.07970112079701121
0 0.47041666666666665 0.22976338729763388 0.028333333333333332 0.047322540473225407
0 0.5179166666666667 0.5311332503113325 0.025833333333333333 0.048567870485678705
0 0.555 0.5330012453300125 0.008333333333333333 0.014943960149439602
0 0.04875 0.30759651307596514 0.0125 0.0224159402241594
0 0.06291666666666666 0.35678704856787047 0.024166666666666666 0.039850560398505604
0 0.07416666666666667 0.3767123287671233 0.0125 0.021170610211706103
0 0.09958333333333333 0.26650062266500624 0.035 0.05603985056039851
0 0.12333333333333334 0.3163138231631382 0.0225 0.039850560398505604
0 0.17541666666666667 0.25093399750934 0.014166666666666666 0.023661270236612703
0 0.14625 0.325653798256538 0.03333333333333333 0.05603985056039851
0 0.11666666666666667 0.3723536737235367 0.0175 0.028642590286425903
0 0.13875 0.36114570361145704 0.021666666666666667 0.037359900373599
0 0.15416666666666667 0.37733499377334995 0.018333333333333333 0.0273972602739726
0 0.01 0.4028642590286426 0.008333333333333333 0.012453300124533
0 0.024583333333333332 0.41469489414694893 0.005833333333333334 0.008717310087173101
0 0.17958333333333334 0.31008717310087175 0.021666666666666667 0.0361145703611457
0 0.3045833333333333 0.4943960149439601 0.01 0.0161892901618929
0 0.31875 0.4887920298879203 0.0175 0.0273972602739726
0 0.30666666666666664 0.5149439601494396 0.019166666666666665 0.034869240348692404
0 0.36583333333333334 0.50186799501868 0.025833333333333333 0.04234122042341221
0 0.35625 0.5168119551681195 0.010833333333333334 0.017434620174346202
0 0.3525 0.37858032378580325 0.03166666666666667 0.06351183063511831
0 0.36625 0.3686176836861768 0.010833333333333334 0.017434620174346202
0 0.39125 0.4663760896637609 0.015833333333333335 0.0273972602739726
0 0.41083333333333333 0.4806973848069738 0.025833333333333333 0.0448318804483188
0 0.44708333333333333 0.5423412204234122 0.0125 0.021170610211706103
0 0.3179166666666667 0.5361145703611457 0.02666666666666667 0.04234122042341221
0 0.3375 0.5429638854296388 0.009166666666666667 0.014943960149439602
0 0.3570833333333333 0.5603985056039851 0.015 0.026151930261519303
0 0.10333333333333333 0.4053549190535492 0.0175 0.028642590286425903
0 0.08166666666666667 0.487546699875467 0.11083333333333334 0.18057285180572852
0 0.18208333333333335 0.566002490660025 0.2791666666666667 0.47198007471980075
0 0.06666666666666667 0.6400996264009963 0.13333333333333333 0.1917808219178082
0 0.09458333333333334 0.5946450809464509 0.125 0.1519302615193026
0 0.29875 0.6195516811955168 0.09416666666666666 0.11830635118306351
0 0.5004166666666666 0.6562889165628891 0.08833333333333333 0.149439601494396
0 0.5425 0.661892901618929 0.08166666666666667 0.136986301369863
0 0.33666666666666667 0.5958904109589042 0.0475 0.058530510585305104
0 0.3616666666666667 0.5983810709838107 0.06 0.074719800747198
0 0.36875 0.6220423412204235 0.049166666666666664 0.062266500622665005
0 0.40208333333333335 0.6668742216687422 0.09083333333333334 0.11083437110834371
0 0.35041666666666665 0.8816936488169365 0.1525 0.1917808219178082
0 0.405 0.7652552926525529 0.23 0.2764632627646326
0 0.5470833333333334 0.7173100871731009 0.10166666666666667 0.136986301369863
0 0.595 0.6961394769613948 0.1025 0.17310087173100872
0 0.6083333333333333 0.7752179327521793 0.0625 0.0722291407222914
0 0.66625 0.7646326276463262 0.0975 0.13449564134495642
0 0.72 0.7297633872976339 0.059166666666666666 0.10336239103362391