0 0.95875 0.6531755915317559 0.06916666666666667 0.10585305105853052
0 0.95375 0.7453300124533001 0.09166666666666666 0.14694894146948942
0 0.7779166666666667 0.7478206724782067 0.09416666666666666 0.136986301369863
0 0.8316666666666667 0.7036114570361146 0.18833333333333332 0.3163138231631382
0 0.8591666666666666 0.8343711083437111 0.16916666666666666 0.1320049813200498
0 0.3958333333333333 0.6232876712328768 0.04416666666666667 0.062266500622665005
0 0.24833333333333332 0.47820672478206727 0.0175 0.029887920298879204
0 0.28041666666666665 0.5037359900373599 0.014166666666666666 0.0273972602739726
0 0.2475 0.49937733499377335 0.01 0.017434620174346202
0 0.30541666666666667 0.5348692403486924 0.016666666666666666 0.031133250311332503
0 0.3283333333333333 0.5186799501867995 0.009166666666666667 0.0136986301369863
0 0.3283333333333333 0.5454545454545454 0.018333333333333333 0.0323785803237858
0 0.17875 0.3767123287671233 0.011666666666666667 0.0186799501867995
0 0.16583333333333333 0.4041095890410959 0.029166666666666667 0.05105853051058531
0 0.17416666666666666 0.4290161892901619 0.019166666666666665 0.038605230386052306
0 0.17625 0.475093399750934 0.0075 0.0161892901618929
0 0.19583333333333333 0.47198007471980075 0.016666666666666666 0.029887920298879204
0 0.2125 0.40348692403486924 0.01 0.017434620174346202
0 0.2225 0.4259028642590286 0.023333333333333334 0.04234122042341221
0 0.2841666666666667 0.4414694894146949 0.008333333333333333 0.0136986301369863
0 0.23291666666666666 0.48194271481942713 0.013333333333333334 0.0273972602739726
0 0.037083333333333336 0.13387297633872977 0.03166666666666667 0.057285180572851806
0 0.007083333333333333 0.22478206724782068 0.014166666666666666 0.039850560398505604
0 0.1225 0.3194271481942715 0.025 0.0448318804483188
0 0.0575 0.350560398505604 0.011666666666666667 0.017434620174346202
0 0.18958333333333333 0.028019925280199254 0.043333333333333335 0.05603985056039851
0 0.4675 0.045454545454545456 0.05 0.0896637608966376
0 0.5283333333333333 0.037359900373599 0.0425 0.07347447073474471
0 0.6141666666666666 0.0161892901618929 0.0275 0.0323785803237858
0 0.73875 0.0958904109589041 0.04416666666666667 0.0784557907845579
0 0.9325 0.09526774595267747 0.135 0.18929016189290163
0 0.5808333333333333 0.16251556662515568 0.0375 0.07347447073474471
0 0.7066666666666667 0.19676214196762143 0.029166666666666667 0.048567870485678705
0 0.67125 0.27459526774595266 0.035 0.0647571606475716
0 0.5583333333333333 0.24159402241594022 0.023333333333333334 0.0448318804483188
0 0.5633333333333334 0.2658779576587796 0.020833333333333332 0.037359900373599
0 0.7604166666666666 0.38418430884184307 0.028333333333333332 0.053549190535491904
0 0.8233333333333334 0.4676214196762142 0.03166666666666667 0.05603985056039851
0 0.64375 0.4912826899128269 0.02 0.037359900373599
0 0.67625 0.5317559153175592 0.051666666666666666 0.10087173100871731
0 0.6429166666666667 0.4078455790784558 0.043333333333333335 0.0821917808219178
0 0.5895833333333333 0.40846824408468246 0.03333333333333333 0.0784557907845579
0 0.515 0.42403486924034867 0.018333333333333333 0.0361145703611457
0 0.4429166666666667 0.3916562889165629 0.02 0.038605230386052306
0 0.335 0.3549190535491905 0.01 0.014943960149439602
0 0.3275 0.40224159402241594 0.01 0.0186799501867995
0 0.21833333333333332 0.33374844333748444 0.0125 0.0224159402241594
0 0.3591666666666667 0.22415940224159403 0.035 0.0684931506849315
0 0.4245833333333333 0.2503113325031133 0.0225 0.039850560398505604
0 0.5225 0.523038605230386 0.019166666666666665 0.04234122042341221
0 0.55875 0.5105853051058531 0.006666666666666667 0.012453300124533
0 0.030833333333333334 0.4887920298879203 0.01 0.0186799501867995
0 0.05291666666666667 0.5305105853051059 0.019166666666666665 0.033623910336239106
0 0.0675 0.5454545454545454 0.009166666666666667 0.0186799501867995
0 0.07291666666666667 0.4290161892901619 0.0275 0.047322540473225407
0 0.10416666666666667 0.46824408468244083 0.0175 0.033623910336239106
0 0.14333333333333334 0.3848069738480697 0.010833333333333334 0.019925280199252802
0 0.12791666666666668 0.46824408468244083 0.025833333333333333 0.047322540473225407
0 0.1075 0.524906600249066 0.013333333333333334 0.024906600249066
0 0.12708333333333333 0.5056039850560399 0.016666666666666666 0.0323785803237858
0 0.14458333333333334 0.5155666251556662 0.015 0.0224159402241594
0 0.01 0.5958904109589042 0.006666666666666667 0.009962640099626401
0 0.025833333333333333 0.6014943960149439 0.005 0.007471980074719801
0 0.1575 0.4402241594022416 0.016666666666666666 0.031133250311332503
0 0.3104166666666667 0.5703611457036114 0.0075 0.0136986301369863
0 0.3229166666666667 0.5591531755915318 0.014166666666666666 0.0224159402241594
0 0.31583333333333335 0.589041095890411 0.014166666666666666 0.029887920298879204
0 0.37083333333333335 0.5535491905354919 0.02 0.0361145703611457
0 0.3641666666666667 0.5716064757160647 0.008333333333333333 0.014943960149439602
0 0.33666666666666667 0.4396014943960149 0.0225 0.057285180572851806
0 0.34791666666666665 0.4246575342465753 0.008333333333333333 0.014943960149439602
0 0.38916666666666666 0.5093399750933998 0.0125 0.023661270236612703
0 0.41041666666666665 0.5155666251556662 0.02 0.038605230386052306
0 0.45625 0.5616438356164384 0.01 0.017434620174346202
0 0.3304166666666667 0.6052303860523038 0.021666666666666667 0.034869240348692404
0 0.35041666666666665 0.6046077210460772 0.0075 0.012453300124533
0 0.3725 0.6133250311332503 0.011666666666666667 0.0224159402241594
0 0.10041666666666667 0.562266500622665 0.014166666666666666 0.023661270236612703
0 0.09375 0.6500622665006227 0.0875 0.1519302615193026
0 0.20416666666666666 0.686799501867995 0.2175 0.40099626400996263
0 0.08333333333333333 0.8125778331257784 0.16333333333333333 0.13325031133250312
0 0.125 0.7484433374844334 0.10916666666666666 0.1133250311332503
0 0.32625 0.6930261519302615 0.08166666666666667 0.0896637608966376
0 0.5275 0.6506849315068494 0.06833333333333333 0.12702366127023662
0 0.5691666666666667 0.6400996264009963 0.06416666666666666 0.11581569115815692
0 0.35875 0.6556662515566625 0.04083333333333333 0.0448318804483188
0 0.38333333333333336 0.6488169364881694 0.051666666666666666 0.057285180572851806
0 0.39416666666666667 0.6687422166874222 0.0425 0.047322540473225407
0 0.43416666666666665 0.699252801992528 0.07916666666666666 0.08343711083437111
0 0.4216666666666667 0.9265255292652553 0.13166666666666665 0.14570361145703611
0 0.45416666666666666 0.7926525529265255 0.20166666666666666 0.2054794520547945
0 0.5833333333333334 0.6917808219178082 0.08583333333333333 0.10709838107098381
0 0.6258333333333334 0.6525529265255293 0.08 0.14694894146948942
0 0.6525 0.724159402241594 0.055 0.052303860523038606
0 0.70625 0.6911581569115816 0.08166666666666667 0.10709838107098381
0 0.7525 0.636986301369863 0.045 0.08841843088418432