0 0.5 0.5 1 1
0 0.22586691658856609 0.735553772070626 0.02530459231490159 0.021669341894060994
0 0.26710402999062793 0.7459871589085072 0.02436738519212746 0.02247191011235955
0 0.29615745079662603 0.7624398073836276 0.01780693533270853 0.019261637239165328
0 0.3139643861293346 0.8210272873194222 0.015932521087160263 0.016051364365971106
0 0.16635426429240863 0.9341894060995185 0.016869728209934397 0.015248796147672551
0 0.2169634489222118 0.9273675762439807 0.015932521087160263 0.018459069020866775
0 0.29053420805998126 0.9085072231139647 0.020618556701030927 0.016853932584269662
0 0.3580131208997188 0.8623595505617978 0.011246485473289597 0.01043338683788122
0 0.34957825679475163 0.9193418940609952 0.019681349578256794 0.019261637239165328
0 0.3865979381443299 0.8828250401284109 0.016869728209934397 0.018459069020866775
0 0.41658856607310213 0.9109149277688604 0.01874414245548266 0.014446227929373997
0 0.07075913776944705 0.8691813804173355 0.020618556701030927 0.021669341894060994
0 0.10871602624179943 0.8551364365971108 0.01874414245548266 0.015248796147672551
0 0.1246485473289597 0.8599518459069021 0.022492970946579195 0.02247191011235955
0 0.1635426429240862 0.8595505617977528 0.01874414245548266 0.02086677367576244
0 0.006091846298031865 0.8499197431781701 0.01218369259606373 0.01765650080256822
0 0.01358950328022493 0.8298555377207063 0.013120899718837863 0.020064205457463884
0 0.021087160262417994 0.934991974317817 0.01874414245548266 0.02086677367576244
0 0.038425492033739454 0.8647672552166934 0.020618556701030927 0.02086677367576244
0 0.19775070290534208 0.92776886035313 0.01874414245548266 0.018459069020866775
0 0.25960637300843487 0.887239165329053 0.015932521087160263 0.02086677367576244
0 0.07216494845360824 0.9434189406099518 0.013120899718837863 0.014446227929373997
0 0.11293345829428304 0.930577849117175 0.01780693533270853 0.018459069020866775
0 0.17291471415182755 0.9093097913322632 0.02530459231490159 0.019261637239165328
0 0.28209934395501407 0.9835473515248796 0.01780693533270853 0.016853932584269662
0 0.3191190253045923 0.9474317817014446 0.02717900656044986 0.019261637239165328
0 0.41518275538894095 0.9875601926163724 0.019681349578256794 0.015248796147672551
0 0.6822867853795689 0.8675762439807384 0.02436738519212746 0.02247191011235955
0 0.5510777881911902 0.8964686998394864 0.011246485473289597 0.015248796147672551
0 0.5918462980318651 0.8956661316211878 0.014058106841611996 0.014446227929373997
0 0.6026241799437676 0.8599518459069021 0.02155576382380506 0.02086677367576244
0 0.6738519212746017 0.8487158908507223 0.02530459231490159 0.023274478330658106
0 0.6349578256794751 0.7965489566613162 0.01780693533270853 0.013643659711075442
0 0.6424554826616682 0.8174157303370787 0.013120899718837863 0.016051364365971106
0 0.669165885660731 0.7881219903691814 0.016869728209934397 0.016853932584269662
0 0.7104029990627929 0.7764847512038523 0.02530459231490159 0.024077046548956663
0 0.8003748828491096 0.826645264847512 0.026241799437675725 0.025682182985553772
0 0.7877225866916588 0.7841091492776886 0.020618556701030927 0.024077046548956663
0 0.8997188378631678 0.7841091492776886 0.03280224929709466 0.027287319422150885
0 0.9592314901593252 0.7532102728731942 0.02436738519212746 0.024077046548956663
0 0.9109653233364574 0.9173354735152488 0.010309278350515464 0.011235955056179775
0 0.9208059981255857 0.9297752808988764 0.00937207122774133 0.01043338683788122
0 0.9315838800374883 0.8892455858747994 0.023430178069353328 0.028089887640449437
0 0.9339268978444236 0.8443017656500803 0.01874414245548266 0.018459069020866775
0 0.7970946579194002 0.898876404494382 0.019681349578256794 0.016853932584269662
0 0.8242736644798501 0.9249598715890851 0.02436738519212746 0.01765650080256822
0 0.9137769447047798 0.9474317817014446 0.01499531396438613 0.016853932584269662
0 0.5599812558575445 0.9887640449438202 0.01499531396438613 0.021669341894060994
0 0.6030927835051546 0.9490369181380417 0.019681349578256794 0.021669341894060994
0 0.8284910965323337 0.7608346709470305 0.014058106841611996 0.01765650080256822