0 0.69765625 0.8463541666666666 0.0484375 0.03854166666666667
0 0.5703125 0.9786458333333333 0.025 0.020833333333333332
0 0.55234375 0.9890625 0.0265625 0.019791666666666666
0 0.5625 0.9880208333333333 0.0171875 0.0125
0 0.6015625 0.9927083333333333 0.0140625 0.00625
0 0.70546875 0.9822916666666667 0.0203125 0.0125
0 0.7765625 0.7322916666666667 0.0578125 0.04375
0 0.7765625 0.8 0.1484375 0.12083333333333333
0 0.83671875 0.8619791666666666 0.065625 0.06041666666666667
0 0.86171875 0.9572916666666667 0.0265625 0.020833333333333332
0 0.97890625 0.8380208333333333 0.0421875 0.04895833333333333
0 0.96875 0.8838541666666667 0.0625 0.065625
0 0.99296875 0.8979166666666667 0.0140625 0.041666666666666664
0 0.97265625 0.9614583333333333 0.0453125 0.017708333333333333
0 0.07109375 0.6234375 0.0828125 0.06354166666666666
0 0.11484375 0.2078125 0.2296875 0.16354166666666667
0 0.834375 0.19479166666666667 0.1875 0.134375
0 0.296875 0.453125 0.2203125 0.17083333333333334
0 0.45859375 0.43385416666666665 0.25625 0.209375
0 0.915625 0.4875 0.16875 0.17291666666666666
0 0.33359375 0.6536458333333334 0.0578125 0.03854166666666667
0 0.0859375 0.7161458333333334 0.0796875 0.06354166666666666
0 0.12109375 0.8072916666666666 0.0640625 0.04791666666666667
0 0.19375 0.7859375 0.05 0.03958333333333333
0 0.32890625 0.8265625 0.0421875 0.03229166666666667
0 0.5265625 0.7875 0.0828125 0.065625
0 0.4796875 0.8135416666666667 0.06875 0.05520833333333333
0 0.31875 0.98125 0.0390625 0.034375
0 0.38203125 0.9723958333333333 0.0421875 0.03333333333333333
0 0.37421875 0.9932291666666667 0.0390625 0.013541666666666667
0 0.4765625 0.9484375 0.0421875 0.03125
0 0.64609375 0.9145833333333333 0.0421875 0.0375
0 0.43515625 0.8848958333333333 0.0453125 0.042708333333333334
0 0.69453125 0.9546875 0.025 0.01875