0 0.75078125 0.8307291666666666 0.053125 0.040625
0 0.64453125 0.9708333333333333 0.028125 0.021875
0 0.628125 0.9828125 0.028125 0.021875
0 0.6390625 0.9807291666666667 0.01875 0.013541666666666667
0 0.678125 0.9828125 0.015625 0.007291666666666667
0 0.7796875 0.9651041666666667 0.021875 0.013541666666666667
0 0.8109375 0.7119791666666667 0.0625 0.046875
0 0.821875 0.7791666666666667 0.1640625 0.128125
0 0.89140625 0.8364583333333333 0.0734375 0.06354166666666666
0 0.93203125 0.9296875 0.0296875 0.022916666666666665
0 0.0921875 0.6526041666666667 0.090625 0.06770833333333333
0 0.0984375 0.2359375 0.196875 0.17604166666666668
0 0.78515625 0.1734375 0.203125 0.14375
0 0.290625 0.4671875 0.2421875 0.18229166666666666
0 0.4484375 0.43697916666666664 0.2828125 0.221875
0 0.9078125 0.4583333333333333 0.184375 0.18125
0 0.35859375 0.6645833333333333 0.0625 0.041666666666666664
0 0.12265625 0.74375 0.0875 0.06770833333333333
0 0.17109375 0.8317708333333333 0.0703125 0.051041666666666666
0 0.240625 0.8057291666666667 0.05625 0.041666666666666664
0 0.38125 0.8369791666666667 0.046875 0.034375
0 0.57109375 0.784375 0.090625 0.06979166666666667
0 0.52890625 0.8130208333333333 0.075 0.058333333333333334
0 0.3953125 0.9864583333333333 0.04375 0.027083333333333334
0 0.45703125 0.978125 0.046875 0.035416666666666666
0 0.45234375 0.9958333333333333 0.0421875 0.008333333333333333
0 0.546875 0.9473958333333333 0.0453125 0.03333333333333333
0 0.71015625 0.9020833333333333 0.0484375 0.03958333333333333
0 0.4953125 0.8869791666666667 0.0515625 0.04479166666666667
0 0.7640625 0.9385416666666667 0.0265625 0.020833333333333332