0 0.53271484375 0.6871794871794872 0.041015625 0.08571428571428572
0 0.257568359375 0.6355311355311355 0.36962890625 0.7289377289377289
0 0.80810546875 0.6893772893772894 0.3798828125 0.6131868131868132
0 0.32568359375 0.17509157509157508 0.02490234375 0.047619047619047616
0 0.32861328125 0.2454212454212454 0.03076171875 0.05787545787545788
0 0.4150390625 0.3326007326007326 0.03076171875 0.05787545787545788
0 0.40185546875 0.37655677655677655 0.02734375 0.04908424908424908
0 0.44482421875 0.6974358974358974 0.03271484375 0.06813186813186813
0 0.48876953125 0.7018315018315018 0.03076171875 0.06666666666666667
0 0.07177734375 0.8761904761904762 0.03076171875 0.05787545787545788
0 0.68115234375 0.47692307692307695 0.03076171875 0.05787545787545788
0 0.64794921875 0.3619047619047619 0.03076171875 0.05787545787545788
0 0.4521484375 0.8051282051282052 0.03076171875 0.047619047619047616
0 0.431640625 0.9736263736263736 0.01806640625 0.03736263736263736
0 0.37158203125 0.947985347985348 0.01806640625 0.03736263736263736
0 0.53662109375 0.7626373626373626 0.01806640625 0.03736263736263736
0 0.49462890625 0.33992673992673994 0.05126953125 0.09963369963369964
0 0.533203125 0.3758241758241758 0.05126953125 0.09963369963369964