0 0.24065934065934066 0.34912109375 0.041758241758241756 0.03271484375
0 0.9168498168498168 0.0966796875 0.06886446886446887 0.056640625
0 0.41098901098901097 0.4443359375 0.06886446886446887 0.056640625
0 0.5032967032967033 0.50927734375 0.05274725274725275 0.041015625
0 0.5065934065934066 0.6796875 0.05274725274725275 0.041015625
0 0.8186813186813187 0.35009765625 0.05274725274725275 0.041015625
0 0.8673992673992674 0.391357421875 0.05274725274725275 0.041015625
0 0.7868131868131868 0.447998046875 0.05274725274725275 0.041015625
0 0.8853479853479853 0.497802734375 0.05274725274725275 0.041015625
0 0.5611721611721612 0.19189453125 0.05274725274725275 0.041015625
0 0.3487179487179487 0.410400390625 0.03956043956043956 0.0263671875
0 0.2571428571428571 0.67431640625 0.04468864468864469 0.03271484375
0 0.18205128205128204 0.752685546875 0.05274725274725275 0.041015625
0 0.041025641025641026 0.666748046875 0.03956043956043956 0.02978515625
0 0.22087912087912087 0.57275390625 0.03956043956043956 0.02978515625
0 0.1271062271062271 0.689453125 0.03956043956043956 0.02978515625
0 0.4783882783882784 0.60205078125 0.03956043956043956 0.02978515625
0 0.4512820512820513 0.6796875 0.03956043956043956 0.02978515625
0 0.34725274725274724 0.690185546875 0.03956043956043956 0.02978515625