0 0.6336996336996337 0.517822265625 0.04249084249084249 0.03173828125
0 0.8556776556776556 0.47607421875 0.04249084249084249 0.03173828125
0 0.6868131868131868 0.351318359375 0.04249084249084249 0.03173828125
0 0.8586080586080586 0.221923828125 0.04249084249084249 0.03173828125
0 0.4827838827838828 0.076416015625 0.04249084249084249 0.03173828125
0 0.21208791208791208 0.05126953125 0.04249084249084249 0.03173828125
0 0.7384615384615385 0.39794921875 0.027106227106227107 0.02294921875
0 0.3087912087912088 0.588134765625 0.04249084249084249 0.03173828125
0 0.42344322344322344 0.581787109375 0.04249084249084249 0.03173828125
0 0.42234432234432234 0.5244140625 0.04249084249084249 0.03173828125
0 0.382051282051282 0.531982421875 0.04249084249084249 0.03173828125
0 0.34505494505494505 0.244873046875 0.08864468864468865 0.06591796875
0 0.25677655677655675 0.564697265625 0.07545787545787545 0.05615234375
0 0.7864468864468864 0.588134765625 0.04249084249084249 0.03173828125
0 0.7926739926739926 0.638671875 0.04249084249084249 0.03173828125
0 0.2326007326007326 0.279296875 0.04249084249084249 0.03173828125
0 0.6293040293040293 0.581298828125 0.04249084249084249 0.03173828125
0 0.4772893772893773 0.493408203125 0.04249084249084249 0.03173828125