0 0.8315018315018315 0.3115234375 0.11794871794871795 0.10302734375
0 0.3934065934065934 0.443359375 0.11794871794871795 0.10302734375
0 0.18827838827838828 0.3876953125 0.05934065934065934 0.04638671875
0 0.07692307692307693 0.47705078125 0.073992673992674 0.0634765625
0 0.2564102564102564 0.560546875 0.2622710622710623 0.20947265625
0 0.715018315018315 0.1162109375 0.10256410256410256 0.08740234375
0 0.802930402930403 0.49365234375 0.035897435897435895 0.02734375
0 0.5267399267399268 0.4521484375 0.035897435897435895 0.02734375
0 0.44981684981684983 0.4833984375 0.035897435897435895 0.02734375
0 0.5267399267399268 0.52783203125 0.035897435897435895 0.02734375
0 0.8805860805860806 0.53466796875 0.035897435897435895 0.02734375
0 0.7318681318681318 0.47900390625 0.04322344322344322 0.03564453125
0 0.945054945054945 0.13427734375 0.10915750915750916 0.10302734375