0 0.890380859375 0.14835164835164835 0.0205078125 0.03076923076923077
0 0.447021484375 0.21831501831501832 0.033203125 0.05347985347985348
0 0.591552734375 0.2230769230769231 0.0234375 0.03956043956043956
0 0.159912109375 0.4146520146520147 0.0234375 0.03956043956043956
0 0.082763671875 0.4725274725274725 0.0234375 0.03882783882783883
0 0.084716796875 0.5175824175824176 0.0234375 0.03882783882783883
0 0.134521484375 0.5307692307692308 0.0205078125 0.03076923076923077
0 0.779296875 0.3402930402930403 0.0205078125 0.03076923076923077
0 0.731689453125 0.2600732600732601 0.0205078125 0.03076923076923077
0 0.634765625 0.16813186813186815 0.0205078125 0.03076923076923077
0 0.54296875 0.20805860805860807 0.0205078125 0.03076923076923077
0 0.446044921875 0.43223443223443225 0.0205078125 0.03076923076923077
0 0.394287109375 0.42234432234432234 0.0205078125 0.03076923076923077
0 0.3701171875 0.3516483516483517 0.0205078125 0.03076923076923077
0 0.37548828125 0.25860805860805863 0.0205078125 0.03076923076923077
0 0.4072265625 0.3413919413919414 0.0205078125 0.03076923076923077
0 0.903564453125 0.31465201465201464 0.02294921875 0.03736263736263736
0 0.211669921875 0.33296703296703295 0.0205078125 0.03076923076923077
0 0.192138671875 0.5677655677655677 0.0205078125 0.03076923076923077
0 0.21923828125 0.545054945054945 0.0205078125 0.03076923076923077
0 0.10009765625 0.3791208791208791 0.0205078125 0.03076923076923077
0 0.064208984375 0.35934065934065934 0.0205078125 0.03076923076923077
0 0.01416015625 0.35201465201465204 0.0205078125 0.03076923076923077
0 0.739501953125 0.13333333333333333 0.0205078125 0.03076923076923077
0 0.646240234375 0.034432234432234435 0.03515625 0.0673992673992674
0 0.84326171875 0.40073260073260075 0.03759765625 0.05641025641025641
0 0.84814453125 0.22014652014652014 0.03271484375 0.05201465201465202
0 0.522216796875 0.017582417582417582 0.03759765625 0.035164835164835165