0 0.6358974358974359 0.494140625 0.03296703296703297 0.02685546875
0 0.8344322344322345 0.41552734375 0.03296703296703297 0.02685546875
0 0.6227106227106227 0.32421875 0.03296703296703297 0.02685546875
0 0.7384615384615385 0.16943359375 0.03296703296703297 0.02685546875
0 0.31868131868131866 0.09375 0.03296703296703297 0.02685546875
0 0.047619047619047616 0.1162109375 0.03296703296703297 0.02685546875
0 0.6908424908424908 0.3603515625 0.01978021978021978 0.02001953125
0 0.34945054945054943 0.6181640625 0.03296703296703297 0.02685546875
0 0.45787545787545786 0.59228515625 0.03296703296703297 0.02685546875
0 0.43443223443223444 0.537109375 0.03296703296703297 0.02685546875
0 0.39853479853479856 0.55126953125 0.03296703296703297 0.02685546875
0 0.2512820512820513 0.2802734375 0.06886446886446887 0.05615234375
0 0.29010989010989013 0.6044921875 0.05860805860805861 0.0478515625
0 0.810989010989011 0.53564453125 0.03296703296703297 0.02685546875
0 0.8366300366300367 0.58349609375 0.03296703296703297 0.02685546875
0 0.15604395604395604 0.3330078125 0.03296703296703297 0.02685546875
0 0.6564102564102564 0.55615234375 0.03296703296703297 0.02685546875
0 0.47545787545787543 0.49755859375 0.03296703296703297 0.02685546875