0 0.6201171875 0.5590277777777778 0.01123046875 0.021701388888888888
0 0.529296875 0.8012152777777778 0.04052734375 0.06944444444444445
0 0.49658203125 0.7404513888888888 0.01513671875 0.030381944444444444
0 0.46044921875 0.7829861111111112 0.01611328125 0.03732638888888889
0 0.646484375 0.5381944444444444 0.01123046875 0.021701388888888888
0 0.66845703125 0.546875 0.01123046875 0.021701388888888888
0 0.68896484375 0.5434027777777778 0.01123046875 0.021701388888888888
0 0.8671875 0.3385416666666667 0.02197265625 0.042534722222222224
0 0.6611328125 0.2048611111111111 0.01318359375 0.025173611111111112
0 0.5615234375 0.4904513888888889 0.01123046875 0.021701388888888888
0 0.57861328125 0.3940972222222222 0.01123046875 0.021701388888888888
0 0.6435546875 0.4835069444444444 0.01123046875 0.021701388888888888
0 0.32177734375 0.6840277777777778 0.01123046875 0.021701388888888888
0 0.58447265625 0.6206597222222222 0.01123046875 0.021701388888888888
0 0.46728515625 0.6953125 0.01416015625 0.030381944444444444
0 0.48583984375 0.6154513888888888 0.01123046875 0.021701388888888888
0 0.439453125 0.4887152777777778 0.01123046875 0.021701388888888888
0 0.42333984375 0.5590277777777778 0.01123046875 0.021701388888888888
0 0.43359375 0.4592013888888889 0.01123046875 0.021701388888888888
0 0.3583984375 0.5034722222222222 0.01123046875 0.021701388888888888
0 0.38232421875 0.5815972222222222 0.01123046875 0.021701388888888888
0 0.39404296875 0.4696180555555556 0.01123046875 0.021701388888888888
0 0.447265625 0.5798611111111112 0.01123046875 0.021701388888888888
0 0.51171875 0.10850694444444445 0.046875 0.11284722222222222
0 0.0693359375 0.6953125 0.01123046875 0.021701388888888888
0 0.138671875 0.7065972222222222 0.01123046875 0.021701388888888888
0 0.1357421875 0.4782986111111111 0.01123046875 0.021701388888888888
0 0.17578125 0.6692708333333334 0.01123046875 0.021701388888888888
0 0.19287109375 0.6727430555555556 0.01123046875 0.021701388888888888
0 0.22216796875 0.6640625 0.01123046875 0.021701388888888888
0 0.22216796875 0.7204861111111112 0.01123046875 0.021701388888888888
0 0.32666015625 0.7152777777777778 0.01123046875 0.021701388888888888
0 0.27734375 0.6996527777777778 0.01123046875 0.021701388888888888
0 0.2529296875 0.5815972222222222 0.01123046875 0.021701388888888888
0 0.31103515625 0.5928819444444444 0.01123046875 0.021701388888888888
0 0.3623046875 0.6727430555555556 0.01123046875 0.021701388888888888