0 0.4781783681214421 0.23133333333333334 0.3776091081593928 0.38133333333333336
0 0.07969639468690702 0.3466666666666667 0.03795066413662239 0.03866666666666667
0 0.10910815939278938 0.41 0.024667931688804556 0.021333333333333333
0 0.3700189753320683 0.38533333333333336 0.024667931688804556 0.02266666666666667
0 0.4449715370018975 0.37733333333333335 0.022770398481973434 0.016
0 0.4316888045540797 0.43133333333333335 0.028462998102466792 0.024
0 0.4905123339658444 0.5 0.020872865275142316 0.018666666666666668
0 0.610056925996205 0.5186666666666667 0.022770398481973434 0.02
0 0.6347248576850095 0.548 0.015180265654648957 0.012
0 0.681214421252372 0.5633333333333334 0.022770398481973434 0.013333333333333334
0 0.6489563567362429 0.44733333333333336 0.015180265654648957 0.012
0 0.6669829222011385 0.43866666666666665 0.013282732447817837 0.012
0 0.6859582542694497 0.44333333333333336 0.015180265654648957 0.013333333333333334
0 0.6698292220113852 0.48533333333333334 0.015180265654648957 0.010666666666666666
0 0.7125237191650854 0.516 0.013282732447817837 0.009333333333333334
0 0.7182163187855788 0.504 0.015180265654648957 0.013333333333333334
0 0.7362428842504743 0.4073333333333333 0.04933586337760911 0.04533333333333334
0 0.7191650853889943 0.3426666666666667 0.017077798861480076 0.014666666666666666
0 0.6299810246679317 0.33666666666666667 0.022770398481973434 0.018666666666666668
0 0.7447817836812144 0.18333333333333332 0.03984819734345351 0.036
0 0.8121442125237192 0.18266666666666667 0.04933586337760911 0.032
0 0.9184060721062619 0.162 0.051233396584440226 0.03333333333333333
0 0.8330170777988615 0.428 0.020872865275142316 0.014666666666666666
0 0.7647058823529411 0.504 0.013282732447817837 0.010666666666666666
0 0.7969639468690702 0.49666666666666665 0.020872865275142316 0.014666666666666666
0 0.8197343453510436 0.49733333333333335 0.017077798861480076 0.016
0 0.9250474383301708 0.406 0.024667931688804556 0.017333333333333333
0 0.9212523719165086 0.39666666666666667 0.024667931688804556 0.018666666666666668
0 0.7296015180265655 0.4886666666666667 0.017077798861480076 0.012
0 0.6593927893738141 0.5573333333333333 0.013282732447817837 0.013333333333333334
0 0.6698292220113852 0.554 0.011385199240986717 0.009333333333333334
0 0.6935483870967742 0.5526666666666666 0.013282732447817837 0.009333333333333334
0 0.7087286527514232 0.536 0.017077798861480076 0.010666666666666666
0 0.7390891840607211 0.54 0.015180265654648957 0.010666666666666666
0 0.8263757115749526 0.5193333333333333 0.015180265654648957 0.012