0 0.74169921875 0.8715328467153285 0.01953125 0.034306569343065696
0 0.69677734375 0.8832116788321168 0.01953125 0.034306569343065696
0 0.66455078125 0.8832116788321168 0.01953125 0.034306569343065696
0 0.64501953125 0.8094890510948906 0.01953125 0.034306569343065696
0 0.583984375 0.789051094890511 0.01953125 0.034306569343065696
0 0.38720703125 0.7167883211678832 0.01953125 0.034306569343065696
0 0.439453125 0.8284671532846716 0.0146484375 0.027007299270072994
0 0.33447265625 0.9467153284671533 0.0341796875 0.061313868613138686
0 0.287109375 0.9416058394160584 0.03857421875 0.061313868613138686
0 0.24072265625 0.9211678832116789 0.03759765625 0.061313868613138686
0 0.3330078125 0.8379562043795621 0.02978515625 0.049635036496350364
0 0.3330078125 0.7854014598540145 0.02978515625 0.061313868613138686
0 0.74072265625 0.6160583941605839 0.03759765625 0.06715328467153285
0 0.69677734375 0.754014598540146 0.02978515625 0.061313868613138686
0 0.59521484375 0.6737226277372262 0.02978515625 0.061313868613138686
0 0.54833984375 0.6992700729927007 0.02978515625 0.061313868613138686
0 0.83544921875 0.6897810218978102 0.0908203125 0.16277372262773723
0 0.64697265625 0.11167883211678832 0.06396484375 0.11824817518248175
0 0.56201171875 0.6 0.05517578125 0.10437956204379562
0 0.16552734375 0.5795620437956205 0.130859375 0.24525547445255474
0 0.5458984375 0.5262773722627737 0.02587890625 0.042335766423357665
0 0.849609375 0.5218978102189781 0.01953125 0.034306569343065696
0 0.7783203125 0.6751824817518248 0.01953125 0.034306569343065696