0 0.25274725274725274 0.34033203125 0.03956043956043956 0.03125
0 0.947985347985348 0.11181640625 0.06446886446886448 0.0546875
0 0.4153846153846154 0.44140625 0.06446886446886448 0.0546875
0 0.5025641025641026 0.50927734375 0.04981684981684982 0.03955078125
0 0.49230769230769234 0.6796875 0.04981684981684982 0.03955078125
0 0.8300366300366301 0.361328125 0.04981684981684982 0.03955078125
0 0.8754578754578755 0.404296875 0.04981684981684982 0.03955078125
0 0.7904761904761904 0.4580078125 0.04981684981684982 0.03955078125
0 0.884981684981685 0.51123046875 0.04981684981684982 0.03955078125
0 0.5853479853479854 0.1943359375 0.04981684981684982 0.03955078125
0 0.35604395604395606 0.4052734375 0.03736263736263736 0.02490234375
0 0.24395604395604395 0.66552734375 0.04249084249084249 0.03125
0 0.16263736263736264 0.7412109375 0.04981684981684982 0.03955078125
0 0.02857142857142857 0.650390625 0.03736263736263736 0.0283203125
0 0.2153846153846154 0.56298828125 0.03736263736263736 0.0283203125
0 0.11282051282051282 0.67626953125 0.03736263736263736 0.0283203125
0 0.4703296703296703 0.60107421875 0.03736263736263736 0.0283203125
0 0.43736263736263736 0.677734375 0.03736263736263736 0.0283203125
0 0.3326007326007326 0.6845703125 0.03736263736263736 0.0283203125