0 0.3310546875 0.5564102564102564 0.03515625 0.060805860805860805
0 0.71533203125 0.7212454212454212 0.1103515625 0.18315018315018314
0 0.28662109375 0.11172161172161173 0.05078125 0.08791208791208792
0 0.079345703125 0.14908424908424908 0.05078125 0.08791208791208792
0 0.369873046875 0.6010989010989011 0.05078125 0.08791208791208792
0 0.484130859375 0.643956043956044 0.05078125 0.08791208791208792
0 0.51025390625 0.6505494505494506 0.05078125 0.08791208791208792
0 0.60888671875 0.6747252747252748 0.05078125 0.08791208791208792
0 0.424560546875 0.4421245421245421 0.03515625 0.060805860805860805
0 0.466552734375 0.4586080586080586 0.03515625 0.060805860805860805
0 0.58251953125 0.5937728937728938 0.03515625 0.060805860805860805
0 0.5673828125 0.6644688644688644 0.03515625 0.060805860805860805
0 0.58935546875 0.6373626373626373 0.03515625 0.060805860805860805
0 0.90966796875 0.6633699633699633 0.03515625 0.060805860805860805
0 0.929443359375 0.5234432234432235 0.03515625 0.060805860805860805
0 0.4326171875 0.593040293040293 0.03515625 0.060805860805860805
0 0.21630859375 0.5512820512820513 0.03515625 0.060805860805860805
0 0.255859375 0.4912087912087912 0.03515625 0.060805860805860805
0 0.62841796875 0.5787545787545788 0.02587890625 0.04395604395604396
0 0.312744140625 0.011721611721611722 0.06884765625 0.023443223443223443