0 0.367 0.37133333333333335 0.034 0.030666666666666665
0 0.439 0.38533333333333336 0.036 0.024
0 0.487 0.3933333333333333 0.028 0.025333333333333333
0 0.527 0.4066666666666667 0.028 0.024
0 0.555 0.4033333333333333 0.034 0.029333333333333333
0 0.657 0.424 0.05 0.036
0 0.758 0.364 0.06 0.04533333333333334
0 0.716 0.306 0.066 0.04
0 0.812 0.3253333333333333 0.062 0.04666666666666667
0 0.975 0.346 0.05 0.07066666666666667
0 0.942 0.272 0.07 0.044
0 0.822 0.15933333333333333 0.076 0.052
0 0.323 0.29733333333333334 0.054 0.04
0 0.41 0.234 0.076 0.05333333333333334
0 0.558 0.2753333333333333 0.084 0.050666666666666665
0 0.424 0.08933333333333333 0.058 0.04533333333333334
0 0.282 0.02 0.048 0.04
0 0.601 0.11866666666666667 0.062 0.04133333333333333
0 0.538 0.22133333333333333 0.042 0.034666666666666665
0 0.438 0.042 0.044 0.032