0 0.2258436944937833 0.31572 0.03923623445825933 0.03425333333333334
0 0.39069271758436946 0.18474666666666667 0.01763765541740675 0.015226666666666666
0 0.5052042628774422 0.20430666666666666 0.022593250444049733 0.018026666666666667
0 0.47850799289520424 0.23814666666666667 0.024529307282415633 0.02132
0 0.5200710479573712 0.28359999999999996 0.020515097690941387 0.016733333333333333
0 0.538259325044405 0.2826666666666667 0.01678507992895204 0.014866666666666667
0 0.48777975133214924 0.31765333333333334 0.015399644760213143 0.018373333333333332
0 0.5004262877442274 0.3170266666666667 0.019964476021314386 0.025426666666666667
0 0.5258081705150977 0.3101733333333333 0.01678507992895204 0.011733333333333333
0 0.5804440497335702 0.30129333333333336 0.020568383658969805 0.024093333333333335
0 0.6243516873889875 0.32377333333333336 0.016074600355239787 0.011933333333333332
0 0.5946181172291296 0.31022666666666665 0.015737122557726465 0.01288
0 0.590461811722913 0.30358666666666667 0.012966252220248668 0.009973333333333334
0 0.7320781527531084 0.31661333333333336 0.03513321492007105 0.026680000000000002
0 0.6907992895204264 0.3250133333333333 0.018365896980461812 0.016493333333333332
0 0.9470337477797512 0.22065333333333334 0.019680284191829486 0.015413333333333334