0 0.521728515625 0.6908424908424908 0.0458984375 0.09084249084249084
0 0.250732421875 0.6032967032967033 0.41064453125 0.7743589743589744
0 0.79443359375 0.6992673992673992 0.4111328125 0.6014652014652014
0 0.34521484375 0.1534798534798535 0.02734375 0.05054945054945055
0 0.343994140625 0.22380952380952382 0.0341796875 0.06153846153846154
0 0.425048828125 0.321978021978022 0.0341796875 0.06153846153846154
0 0.409423828125 0.3641025641025641 0.0302734375 0.05274725274725275
0 0.43359375 0.6893772893772894 0.03662109375 0.07179487179487179
0 0.47705078125 0.6996336996336996 0.03466796875 0.07032967032967033
0 0.051513671875 0.8186813186813187 0.0341796875 0.06153846153846154
0 0.681884765625 0.5007326007326007 0.0341796875 0.06153846153846154
0 0.655517578125 0.38168498168498166 0.0341796875 0.06153846153846154
0 0.4345703125 0.7978021978021979 0.033203125 0.05128205128205128
0 0.404296875 0.963003663003663 0.02001953125 0.03956043956043956
0 0.345947265625 0.9296703296703297 0.02001953125 0.03956043956043956
0 0.521240234375 0.7663003663003664 0.02001953125 0.03956043956043956
0 0.50390625 0.33992673992673994 0.056640625 0.10622710622710622
0 0.540283203125 0.38058608058608057 0.056640625 0.10622710622710622