0 0.93310546875 0.5579427083333334 0.08740234375 0.13020833333333334
0 0.76953125 0.6901041666666666 0.05029296875 0.0703125
0 0.79248046875 0.3385416666666667 0.0419921875 0.057942708333333336
0 0.6171875 0.421875 0.05029296875 0.0703125
0 0.62744140625 0.73828125 0.05029296875 0.0703125
0 0.625 0.740234375 0.05029296875 0.0703125
0 0.443359375 0.7057291666666666 0.05029296875 0.0703125
0 0.4150390625 0.6595052083333334 0.05029296875 0.0703125
0 0.02685546875 0.658203125 0.05029296875 0.09244791666666667
0 0.03173828125 0.5696614583333334 0.05029296875 0.0703125
0 0.2900390625 0.6256510416666666 0.03857421875 0.06315104166666667
0 0.806640625 0.5390625 0.025390625 0.044270833333333336
0 0.2138671875 0.66796875 0.025390625 0.044270833333333336
0 0.19580078125 0.5631510416666666 0.025390625 0.044270833333333336
0 0.927734375 0.2571614583333333 0.025390625 0.044270833333333336
0 0.67138671875 0.435546875 0.025390625 0.044270833333333336
0 0.2451171875 0.21940104166666666 0.025390625 0.044270833333333336
0 0.166015625 0.4615885416666667 0.025390625 0.044270833333333336
0 0.328125 0.919921875 0.13232421875 0.15625
0 0.63525390625 0.837890625 0.08740234375 0.13020833333333334
0 0.80419921875 0.884765625 0.1494140625 0.23046875
0 0.67919921875 0.73828125 0.08740234375 0.13020833333333334
0 0.73046875 0.083984375 0.08740234375 0.13020833333333334
0 0.83642578125 0.7037760416666666 0.05029296875 0.0703125