0 0.8901098901098901 0.37060546875 0.15164835164835164 0.119140625
0 0.41721611721611723 0.427734375 0.15164835164835164 0.119140625
0 0.23846153846153847 0.3408203125 0.07472527472527472 0.0546875
0 0.0978021978021978 0.409423828125 0.0945054945054945 0.07373046875
0 0.24175824175824176 0.51953125 0.3304029304029304 0.24560546875
0 0.847985347985348 0.162353515625 0.13113553113553114 0.1015625
0 0.7963369963369963 0.542724609375 0.04468864468864469 0.0322265625
0 0.5432234432234432 0.457763671875 0.04468864468864469 0.0322265625
0 0.4575091575091575 0.475830078125 0.04468864468864469 0.0322265625
0 0.5157509157509158 0.53125 0.04468864468864469 0.0322265625
0 0.8567765567765567 0.594970703125 0.04468864468864469 0.0322265625
0 0.7326007326007326 0.51708984375 0.054945054945054944 0.04150390625