0 0.34521484375 0.6161172161172161 0.02734375 0.05274725274725275
0 0.74462890625 0.6366300366300366 0.087890625 0.15604395604395604
0 0.23046875 0.20073260073260074 0.0400390625 0.07545787545787545
0 0.03515625 0.3120879120879121 0.0400390625 0.07545787545787545
0 0.39013671875 0.6454212454212455 0.0400390625 0.07545787545787545
0 0.5078125 0.6454212454212455 0.0400390625 0.07545787545787545
0 0.5341796875 0.6424908424908425 0.0400390625 0.07545787545787545
0 0.6337890625 0.63003663003663 0.0400390625 0.07545787545787545
0 0.41748046875 0.47106227106227105 0.02734375 0.05274725274725275
0 0.4609375 0.4717948717948718 0.02734375 0.05274725274725275
0 0.59521484375 0.5611721611721612 0.02734375 0.05274725274725275
0 0.591796875 0.6351648351648351 0.02734375 0.05274725274725275
0 0.60888671875 0.6007326007326007 0.02734375 0.05274725274725275
0 0.923828125 0.5098901098901099 0.02734375 0.05274725274725275
0 0.92041015625 0.367032967032967 0.02734375 0.05274725274725275
0 0.44970703125 0.6146520146520147 0.02734375 0.05274725274725275
0 0.23291015625 0.6527472527472528 0.02734375 0.05274725274725275
0 0.26171875 0.5802197802197803 0.02734375 0.05274725274725275
0 0.63720703125 0.5296703296703297 0.0205078125 0.03736263736263736
0 0.234375 0.06153846153846154 0.05908203125 0.07179487179487179