0 0.947021484375 0.3695970695970696 0.01953125 0.029304029304029304
0 0.514404296875 0.20842490842490843 0.03125 0.05128205128205128
0 0.649169921875 0.2868131868131868 0.02197265625 0.0380952380952381
0 0.199951171875 0.2454212454212454 0.02197265625 0.0380952380952381
0 0.1142578125 0.2600732600732601 0.02197265625 0.03736263736263736
0 0.105712890625 0.3032967032967033 0.02197265625 0.03736263736263736
0 0.1494140625 0.3413919413919414 0.01953125 0.029304029304029304
0 0.799072265625 0.49304029304029307 0.01953125 0.029304029304029304
0 0.772216796875 0.3934065934065934 0.01953125 0.029304029304029304
0 0.7021484375 0.2575091575091575 0.01953125 0.029304029304029304
0 0.60693359375 0.24761904761904763 0.01953125 0.029304029304029304
0 0.464599609375 0.4084249084249084 0.01953125 0.029304029304029304
0 0.418212890625 0.3728937728937729 0.01953125 0.029304029304029304
0 0.411865234375 0.2937728937728938 0.01953125 0.029304029304029304
0 0.43798828125 0.20915750915750916 0.01953125 0.029304029304029304
0 0.448974609375 0.3032967032967033 0.01953125 0.029304029304029304
0 0.92138671875 0.532967032967033 0.02197265625 0.035897435897435895
0 0.26708984375 0.19523809523809524 0.01953125 0.029304029304029304
0 0.1953125 0.40586080586080586 0.01953125 0.029304029304029304
0 0.22607421875 0.39816849816849814 0.01953125 0.029304029304029304
0 0.151611328125 0.1813186813186813 0.01953125 0.029304029304029304
0 0.12255859375 0.14395604395604394 0.01953125 0.029304029304029304
0 0.077392578125 0.11172161172161173 0.01953125 0.029304029304029304
0 0.80859375 0.2783882783882784 0.01953125 0.029304029304029304
0 0.743408203125 0.13736263736263737 0.03271484375 0.0652014652014652
0 0.84521484375 0.5827838827838828 0.03564453125 0.05347985347985348
0 0.89111328125 0.4157509157509158 0.03125 0.04981684981684982
0 0.633544921875 0.04835164835164835 0.03564453125 0.05347985347985348