0 0.723876953125 0.8959854014598541 0.02099609375 0.0364963503649635
0 0.678466796875 0.9029197080291971 0.02099609375 0.0364963503649635
0 0.646240234375 0.8992700729927007 0.02099609375 0.0364963503649635
0 0.630126953125 0.8237226277372263 0.02099609375 0.0364963503649635
0 0.5703125 0.7970802919708029 0.02099609375 0.0364963503649635
0 0.37744140625 0.7043795620437956 0.02099609375 0.0364963503649635
0 0.42431640625 0.8215328467153284 0.01611328125 0.02846715328467153
0 0.31396484375 0.9284671532846716 0.037109375 0.06496350364963503
0 0.26708984375 0.9182481751824818 0.04150390625 0.06496350364963503
0 0.2216796875 0.8930656934306569 0.04052734375 0.06496350364963503
0 0.317626953125 0.8197080291970803 0.0322265625 0.052554744525547446
0 0.320068359375 0.7671532846715329 0.03271484375 0.06423357664233577
0 0.734619140625 0.6408759124087591 0.04052734375 0.0708029197080292
0 0.684326171875 0.7740875912408759 0.03271484375 0.06423357664233577
0 0.5869140625 0.6832116788321168 0.03271484375 0.06423357664233577
0 0.538818359375 0.7036496350364964 0.03271484375 0.06423357664233577
0 0.82568359375 0.7244525547445255 0.09814453125 0.17153284671532848
0 0.664794921875 0.1281021897810219 0.0693359375 0.12481751824817518
0 0.55712890625 0.6062043795620438 0.06005859375 0.11021897810218978
0 0.16259765625 0.5445255474452555 0.14208984375 0.2583941605839416
0 0.544677734375 0.531021897810219 0.02783203125 0.04525547445255475
0 0.84765625 0.5583941605839416 0.02099609375 0.0364963503649635
0 0.76953125 0.7036496350364964 0.02099609375 0.0364963503649635