0 0.1391941391941392 0.2900390625 0.02564102564102564 0.0205078125
0 0.8223443223443223 0.11474609375 0.06837606837606838 0.07177734375
0 0.5067155067155067 0.2109375 0.038461538461538464 0.0341796875
0 0.32844932844932845 0.28466796875 0.038461538461538464 0.0341796875
0 0.5347985347985348 0.3310546875 0.038461538461538464 0.0341796875
0 0.8290598290598291 0.2900390625 0.038461538461538464 0.0341796875
0 0.9578754578754579 0.109375 0.038461538461538464 0.0341796875
0 0.32173382173382176 0.15087890625 0.038461538461538464 0.0341796875
0 0.07448107448107448 0.29150390625 0.038461538461538464 0.0341796875
0 0.4725274725274725 0.09033203125 0.038461538461538464 0.0341796875
0 0.42246642246642246 0.33642578125 0.038461538461538464 0.0341796875
0 0.014652014652014652 0.24853515625 0.029304029304029304 0.0341796875
0 0.2448107448107448 0.28466796875 0.02564102564102564 0.0205078125
0 0.2313797313797314 0.32080078125 0.02564102564102564 0.0205078125
0 0.15018315018315018 0.3173828125 0.02564102564102564 0.0205078125
0 0.4181929181929182 0.2880859375 0.02564102564102564 0.0205078125