0 0.040257648953301126 0.07533333333333334 0.04830917874396135 0.044
0 0.42673107890499196 0.09666666666666666 0.033816425120772944 0.030666666666666665
0 0.47020933977455714 0.098 0.030595813204508857 0.034666666666666665
0 0.23349436392914655 0.16 0.037037037037037035 0.032
0 0.14814814814814814 0.21066666666666667 0.043478260869565216 0.03866666666666667
0 0.07246376811594203 0.2613333333333333 0.04186795491143317 0.044
0 0.06763285024154589 0.32666666666666666 0.028985507246376812 0.024
0 0.24396135265700483 0.24466666666666667 0.040257648953301126 0.037333333333333336
0 0.2834138486312399 0.284 0.040257648953301126 0.034666666666666665
0 0.26570048309178745 0.36933333333333335 0.030595813204508857 0.02266666666666667
0 0.32930756843800324 0.352 0.028985507246376812 0.024
0 0.25925925925925924 0.4226666666666667 0.04508856682769726 0.04
0 0.16264090177133655 0.544 0.02254428341384863 0.025333333333333333
0 0.18679549114331723 0.5026666666666667 0.02254428341384863 0.013333333333333334
0 0.1819645732689211 0.4766666666666667 0.030595813204508857 0.032
0 0.19887278582930756 0.432 0.01932367149758454 0.02
0 0.6103059581320451 0.412 0.037037037037037035 0.037333333333333336
0 0.677938808373591 0.4026666666666667 0.037037037037037035 0.03333333333333333
0 0.7431561996779388 0.37733333333333335 0.028985507246376812 0.030666666666666665
0 0.8413848631239935 0.44133333333333336 0.03542673107890499 0.02666666666666667
0 0.8276972624798712 0.406 0.028985507246376812 0.025333333333333333
0 0.7552334943639292 0.2926666666666667 0.028985507246376812 0.025333333333333333
0 0.8172302737520128 0.2693333333333333 0.0322061191626409 0.029333333333333333
0 0.7584541062801933 0.21066666666666667 0.02576489533011272 0.030666666666666665
0 0.8711755233494364 0.18066666666666667 0.043478260869565216 0.034666666666666665
0 0.6191626409017713 0.16866666666666666 0.030595813204508857 0.02666666666666667
0 0.6409017713365539 0.13466666666666666 0.030595813204508857 0.030666666666666665
0 0.5684380032206119 0.164 0.033816425120772944 0.034666666666666665
0 0.5104669887278583 0.012 0.04508856682769726 0.024