0 0.1325 0.8416666666666667 0.05 0.05333333333333334
0 0.495 0.5 0.89 1
0 0.3416666666666667 0.9333333333333333 0.05 0.056666666666666664
0 0.44416666666666665 0.9358333333333333 0.05 0.055
0 0.4825 0.9666666666666667 0.051666666666666666 0.06666666666666667
0 0.6916666666666667 0.9191666666666667 0.14666666666666667 0.16166666666666665
0 0.31 0.8883333333333333 0.051666666666666666 0.06666666666666667
0 0.4925 0.8675 0.04 0.043333333333333335
0 0.345 0.8941666666666667 0.04 0.043333333333333335
0 0.2075 0.8958333333333334 0.05 0.05333333333333334
0 0.2608333333333333 0.8041666666666667 0.05 0.05333333333333334