0 0.5390625 0.40977443609022557 0.0296875 0.09774436090225563
0 0.43125 0.8120300751879699 0.059375 0.16917293233082706
0 0.63515625 0.8007518796992481 0.034375 0.09398496240601503
0 0.69765625 0.36278195488721804 0.08125 0.19924812030075187
0 0.70234375 0.693609022556391 0.0578125 0.13157894736842105
0 0.70703125 0.825187969924812 0.0578125 0.16917293233082706
0 0.7296875 0.8890977443609023 0.0234375 0.06015037593984962
0 0.62890625 0.9511278195488722 0.021875 0.05263157894736842
0 0.78046875 0.7631578947368421 0.0265625 0.06015037593984962
0 0.81640625 0.8007518796992481 0.0390625 0.11278195488721804
0 0.859375 0.31390977443609025 0.2484375 0.6127819548872181
0 0.94140625 0.5075187969924813 0.0390625 0.09022556390977443
0 0.91484375 0.6879699248120301 0.0890625 0.2593984962406015
0 0.64765625 0.9755639097744361 0.0328125 0.03759398496240601
0 0.86796875 0.9699248120300752 0.1234375 0.05263157894736842