0 0.53828125 0.40789473684210525 0.0296875 0.09774436090225563
0 0.43359375 0.8157894736842105 0.0609375 0.17293233082706766
0 0.6375 0.7951127819548872 0.034375 0.09398496240601503
0 0.696875 0.35526315789473684 0.0828125 0.20300751879699247
0 0.70390625 0.6842105263157895 0.059375 0.13533834586466165
0 0.709375 0.8157894736842105 0.059375 0.17293233082706766
0 0.7328125 0.8796992481203008 0.0234375 0.06015037593984962
0 0.63203125 0.9454887218045113 0.021875 0.05263157894736842
0 0.78203125 0.7518796992481203 0.0265625 0.06015037593984962
0 0.81875 0.7875939849624061 0.040625 0.11278195488721804
0 0.8578125 0.30451127819548873 0.253125 0.6090225563909775
0 0.94140625 0.48872180451127817 0.0390625 0.09022556390977443
0 0.91640625 0.6710526315789473 0.090625 0.2631578947368421
0 0.65078125 0.9699248120300752 0.0328125 0.03759398496240601
0 0.87109375 0.9548872180451128 0.1234375 0.05639097744360902