0 0.134375 0.4123134328358209 0.2125 0.5634328358208955
0 0.296875 0.4664179104477612 0.10625 0.31343283582089554
0 0.4546875 0.5541044776119403 0.0484375 0.13432835820895522
0 0.34296875 0.24253731343283583 0.0453125 0.13059701492537312
0 0.44375 0.20522388059701493 0.03125 0.08582089552238806
0 0.56953125 0.2966417910447761 0.05625 0.16417910447761194
0 0.61953125 0.2294776119402985 0.0546875 0.15671641791044777
0 0.66015625 0.6791044776119403 0.0921875 0.26865671641791045
0 0.90703125 0.6324626865671642 0.0984375 0.2574626865671642
0 0.4375 0.8544776119402985 0.14375 0.291044776119403
0 0.75078125 0.333955223880597 0.0578125 0.15298507462686567
0 0.8375 0.1884328358208955 0.034375 0.10074626865671642
0 0.93671875 0.3712686567164179 0.034375 0.10074626865671642
0 0.87734375 0.34328358208955223 0.034375 0.10074626865671642
0 0.84296875 0.3302238805970149 0.034375 0.10074626865671642
0 0.73125 0.542910447761194 0.034375 0.10074626865671642
0 0.69609375 0.5223880597014925 0.034375 0.10074626865671642
0 0.4875 0.6753731343283582 0.046875 0.15298507462686567
0 0.43125 0.6940298507462687 0.08125 0.1865671641791045