0 0.1359375 0.6119402985074627 0.2296875 0.6007462686567164
0 0.2984375 0.5764925373134329 0.1171875 0.332089552238806
0 0.4609375 0.5764925373134329 0.053125 0.1417910447761194
0 0.32265625 0.332089552238806 0.05 0.13805970149253732
0 0.4171875 0.24253731343283583 0.034375 0.09328358208955224
0 0.5484375 0.26492537313432835 0.0609375 0.17537313432835822
0 0.59140625 0.17350746268656717 0.059375 0.16791044776119404
0 0.67265625 0.5876865671641791 0.1 0.2835820895522388
0 0.909375 0.4085820895522388 0.10625 0.27238805970149255
0 0.47265625 0.8600746268656716 0.1515625 0.2798507462686567
0 0.72890625 0.20335820895522388 0.0625 0.16417910447761194
0 0.7984375 0.033582089552238806 0.0375 0.06716417910447761
0 0.91328125 0.13992537313432835 0.0375 0.10820895522388059
0 0.853125 0.1455223880597015 0.0375 0.10820895522388059
0 0.81875 0.15111940298507462 0.0375 0.10820895522388059
0 0.7296875 0.417910447761194 0.0375 0.10820895522388059
0 0.69296875 0.416044776119403 0.0375 0.10820895522388059
0 0.5046875 0.6772388059701493 0.0515625 0.16044776119402984
0 0.45078125 0.7257462686567164 0.0875 0.20149253731343283