0 0.296875 0.4166666666666667 0.159375 0.29508196721311475
0 0.52109375 0.7254098360655737 0.159375 0.31420765027322406
0 0.4671875 0.5314207650273224 0.1953125 0.39344262295081966
0 0.61171875 0.4959016393442623 0.09375 0.18032786885245902
0 0.9359375 0.7008196721311475 0.09375 0.18032786885245902
0 0.1859375 0.7609289617486339 0.09375 0.18032786885245902
0 0.334375 0.5846994535519126 0.09375 0.18032786885245902
0 0.88203125 0.7472677595628415 0.1109375 0.2459016393442623
0 0.659375 0.5737704918032787 0.159375 0.29508196721311475
0 0.76796875 0.09972677595628415 0.1609375 0.1994535519125683
0 0.3984375 0.27049180327868855 0.1609375 0.31420765027322406
0 0.04921875 0.5505464480874317 0.0984375 0.23770491803278687