0 0.69375 0.9705882352941176 0.04375 0.058823529411764705
0 0.14453125 0.26941176470588235 0.1625 0.27058823529411763
0 0.36953125 0.46 0.0859375 0.15529411764705883
0 0.19765625 0.6835294117647058 0.0640625 0.13176470588235295
0 0.46796875 0.37176470588235294 0.1203125 0.2635294117647059
0 0.5265625 0.43529411764705883 0.0578125 0.1223529411764706
0 0.459375 0.5611764705882353 0.084375 0.18352941176470589
0 0.43515625 0.8188235294117647 0.071875 0.14352941176470588
0 0.49453125 0.7611764705882353 0.0734375 0.14352941176470588
0 0.57109375 0.9047058823529411 0.046875 0.09176470588235294
0 0.6734375 0.6976470588235294 0.0484375 0.1011764705882353
0 0.7359375 0.9435294117647058 0.0359375 0.06352941176470588
0 0.70078125 0.46941176470588236 0.2734375 0.44941176470588234