0 0.43820224719101125 0.5245786516853933 0.0898876404494382 0.07443820224719101
0 0.8436329588014981 0.6025280898876404 0.0898876404494382 0.07443820224719101
0 0.5805243445692884 0.6313202247191011 0.06554307116104868 0.05758426966292135
0 0.6264044943820225 0.6046348314606742 0.06554307116104868 0.05758426966292135
0 0.7247191011235955 0.5877808988764045 0.06554307116104868 0.05758426966292135
0 0.22940074906367042 0.6039325842696629 0.06554307116104868 0.05758426966292135
0 0.8108614232209738 0.5112359550561798 0.06554307116104868 0.05758426966292135
0 0.3089887640449438 0.5428370786516854 0.05805243445692884 0.0449438202247191
0 0.4410112359550562 0.577247191011236 0.05805243445692884 0.0449438202247191
0 0.6563670411985019 0.8139044943820225 0.19850187265917604 0.16573033707865167
0 0.4541198501872659 0.3925561797752809 0.5355805243445693 0.4901685393258427
0 0.7453183520599251 0.6334269662921348 0.0898876404494382 0.07443820224719101
0 0.6413857677902621 0.4943820224719101 0.11610486891385768 0.0997191011235955
0 0.7865168539325843 0.6804775280898876 0.11610486891385768 0.0997191011235955
0 0.36704119850187267 0.7345505617977528 0.0898876404494382 0.07443820224719101
0 0.17696629213483145 0.7801966292134831 0.0898876404494382 0.07443820224719101
0 0.4597378277153558 0.6931179775280899 0.0898876404494382 0.07443820224719101
0 0.5374531835205992 0.6615168539325843 0.09176029962546817 0.08146067415730338
0 0.40074906367041196 0.6783707865168539 0.0898876404494382 0.07443820224719101