0 0.4297752808988764 0.5007022471910112 0.08801498127340825 0.07303370786516854
0 0.7443820224719101 0.7078651685393258 0.08801498127340825 0.07303370786516854
0 0.49250936329588013 0.6439606741573034 0.06367041198501873 0.05758426966292135
0 0.549625468164794 0.6362359550561798 0.06367041198501873 0.05758426966292135
0 0.6479400749063671 0.6544943820224719 0.06367041198501873 0.05758426966292135
0 0.1956928838951311 0.5007022471910112 0.06367041198501873 0.05758426966292135
0 0.7696629213483146 0.6158707865168539 0.06367041198501873 0.05758426966292135
0 0.30337078651685395 0.47331460674157305 0.056179775280898875 0.0449438202247191
0 0.40074906367041196 0.5484550561797753 0.056179775280898875 0.0449438202247191
0 0.449438202247191 0.8328651685393258 0.19662921348314608 0.16432584269662923
0 0.5234082397003745 0.3890449438202247 0.5280898876404494 0.4859550561797753
0 0.6376404494382022 0.702247191011236 0.08801498127340825 0.07303370786516854
0 0.6292134831460674 0.5435393258426966 0.11423220973782772 0.09831460674157304
0 0.6460674157303371 0.7584269662921348 0.11423220973782772 0.09831460674157304
0 0.23876404494382023 0.663623595505618 0.08801498127340825 0.07303370786516854
0 0.04307116104868914 0.6390449438202247 0.08614232209737828 0.07303370786516854
0 0.34737827715355807 0.6587078651685393 0.08801498127340825 0.07303370786516854
0 0.4353932584269663 0.6566011235955056 0.0898876404494382 0.0800561797752809
0 0.30337078651685395 0.625 0.08801498127340825 0.07303370786516854