0 0.7296875 0.1451990632318501 0.04375 0.07962529274004684
0 0.2546875 0.5608899297423887 0.0296875 0.04918032786885246
0 0.209375 0.5843091334894613 0.0296875 0.04918032786885246
0 0.1390625 0.4180327868852459 0.0296875 0.04918032786885246
0 0.2640625 0.5 0.0296875 0.04918032786885246
0 0.52109375 0.6416861826697893 0.0296875 0.04918032786885246
0 0.8453125 0.680327868852459 0.0296875 0.04918032786885246
0 0.77890625 0.6533957845433255 0.0296875 0.04918032786885246
0 0.37734375 0.7060889929742389 0.0296875 0.04918032786885246
0 0.646875 0.6229508196721312 0.0296875 0.04918032786885246
0 0.57890625 0.7014051522248244 0.0296875 0.04918032786885246
0 0.46875 0.48360655737704916 0.0203125 0.03278688524590164
0 0.42265625 0.563231850117096 0.0203125 0.03278688524590164
0 0.3125 0.6264637002341921 0.0203125 0.03278688524590164
0 0.91484375 0.5538641686182669 0.04375 0.07962529274004684
0 0.240625 0.6873536299765808 0.0203125 0.03278688524590164
0 0.39765625 0.7576112412177985 0.0203125 0.03278688524590164
0 0.66953125 0.5690866510538641 0.0203125 0.03278688524590164
0 0.6671875 0.4344262295081967 0.0296875 0.04918032786885246