0 0.73359375 0.15105386416861827 0.0421875 0.07962529274004684
0 0.25390625 0.5550351288056206 0.0296875 0.04918032786885246
0 0.20859375 0.5772833723653396 0.0296875 0.04918032786885246
0 0.13984375 0.40866510538641687 0.0296875 0.04918032786885246
0 0.2640625 0.49414519906323184 0.0296875 0.04918032786885246
0 0.51953125 0.6416861826697893 0.0296875 0.04918032786885246
0 0.84296875 0.689695550351288 0.0296875 0.04918032786885246
0 0.77734375 0.6604215456674473 0.0296875 0.04918032786885246
0 0.375 0.702576112412178 0.0296875 0.04918032786885246
0 0.6453125 0.6264637002341921 0.0296875 0.04918032786885246
0 0.5765625 0.7037470725995316 0.0296875 0.04918032786885246
0 0.46875 0.48243559718969553 0.0203125 0.03278688524590164
0 0.421875 0.5608899297423887 0.0203125 0.03278688524590164
0 0.3109375 0.6217798594847775 0.0203125 0.03278688524590164
0 0.9140625 0.5644028103044496 0.0421875 0.07962529274004684
0 0.23828125 0.680327868852459 0.0203125 0.03278688524590164
0 0.39453125 0.7552693208430913 0.0203125 0.03278688524590164
0 0.66875 0.5737704918032787 0.0203125 0.03278688524590164
0 0.66796875 0.43911007025761123 0.0296875 0.04918032786885246