0 0.38046875 0.7600472813238771 0.0921875 0.17494089834515367
0 0.621875 0.17612293144208038 0.090625 0.1536643026004728
0 0.509375 0.07092198581560284 0.090625 0.14184397163120568
0 0.77890625 0.22458628841607564 0.0921875 0.17494089834515367
0 0.92421875 0.21631205673758866 0.090625 0.1536643026004728
0 0.6203125 0.6252955082742316 0.090625 0.1536643026004728
0 0.3875 0.5721040189125296 0.0703125 0.11583924349881797
0 0.2984375 0.49763593380614657 0.0703125 0.11583924349881797
0 0.4546875 0.7127659574468085 0.0734375 0.14657210401891252
0 0.8578125 0.6808510638297872 0.0546875 0.09219858156028368
0 0.8953125 0.5969267139479906 0.0375 0.07328605200945626
0 0.928125 0.6193853427895981 0.0375 0.07328605200945626
0 0.93125 0.8829787234042553 0.0375 0.07328605200945626
0 0.653125 0.35697399527186763 0.0359375 0.06855791962174941
0 0.6859375 0.2647754137115839 0.0359375 0.061465721040189124
0 0.940625 0.3486997635933806 0.0359375 0.06619385342789598
0 0.96796875 0.3321513002364066 0.0359375 0.06382978723404255
0 0.43359375 0.450354609929078 0.0453125 0.08274231678486997
0 0.32265625 0.6371158392434988 0.04375 0.08037825059101655
0 0.10859375 0.12647754137115838 0.0546875 0.10638297872340426
0 0.3078125 0.3144208037825059 0.0375 0.07092198581560284
0 0.4140625 0.3546099290780142 0.0359375 0.0591016548463357
0 0.53046875 0.7364066193853428 0.0359375 0.0591016548463357
0 0.25703125 0.6182033096926713 0.0359375 0.0591016548463357
0 0.16640625 0.408983451536643 0.2 0.3640661938534279
0 0.37421875 0.23049645390070922 0.1765625 0.34515366430260047
0 0.23984375 0.17375886524822695 0.04375 0.08037825059101655
0 0.74140625 0.5591016548463357 0.2015625 0.3806146572104019
0 0.85859375 0.37825059101654845 0.1296875 0.23877068557919623
0 0.54921875 0.5910165484633569 0.1296875 0.23877068557919623
0 0.54921875 0.3546099290780142 0.1265625 0.21040189125295508
0 0.17421875 0.08628841607565012 0.1078125 0.17257683215130024