0 0.37734375 0.7565011820330969 0.09375 0.1773049645390071
0 0.625 0.17966903073286053 0.0921875 0.15602836879432624
0 0.5140625 0.07092198581560284 0.090625 0.14184397163120568
0 0.78203125 0.23286052009456265 0.09375 0.1773049645390071
0 0.92734375 0.2281323877068558 0.0921875 0.15602836879432624
0 0.61875 0.6288416075650118 0.0921875 0.15602836879432624
0 0.38671875 0.5685579196217494 0.0703125 0.1182033096926714
0 0.2984375 0.4929078014184397 0.0703125 0.1182033096926714
0 0.45234375 0.7115839243498818 0.0734375 0.14657210401891252
0 0.85546875 0.6903073286052009 0.0546875 0.09219858156028368
0 0.89453125 0.607565011820331 0.0375 0.07328605200945626
0 0.9265625 0.6312056737588653 0.0375 0.07328605200945626
0 0.92734375 0.8947990543735225 0.0375 0.07328605200945626
0 0.6546875 0.3605200945626478 0.0375 0.06855791962174941
0 0.68828125 0.2695035460992908 0.0359375 0.061465721040189124
0 0.9421875 0.3605200945626478 0.0375 0.06619385342789598
0 0.96953125 0.34397163120567376 0.0375 0.06382978723404255
0 0.434375 0.44799054373522457 0.046875 0.0851063829787234
0 0.32109375 0.6323877068557919 0.0453125 0.08037825059101655
0 0.11328125 0.11702127659574468 0.05625 0.10638297872340426
0 0.31015625 0.30969267139479906 0.0375 0.07092198581560284
0 0.415625 0.35224586288416077 0.0359375 0.0591016548463357
0 0.528125 0.7375886524822695 0.0359375 0.0591016548463357
0 0.25546875 0.6111111111111112 0.0359375 0.0591016548463357
0 0.1671875 0.39952718676122934 0.2046875 0.3664302600472813
0 0.37734375 0.2281323877068558 0.1796875 0.3475177304964539
0 0.24375 0.16666666666666666 0.0453125 0.08037825059101655
0 0.740625 0.5650118203309693 0.20625 0.3829787234042553
0 0.86015625 0.3877068557919622 0.1328125 0.24113475177304963
0 0.54765625 0.5933806146572104 0.1328125 0.24113475177304963
0 0.55078125 0.3557919621749409 0.1296875 0.2127659574468085
0 0.178125 0.08274231678486997 0.109375 0.16548463356973994