0 0.16875 0.5458823529411765 0.33125 0.6070588235294118
0 0.5140625 0.30117647058823527 0.2109375 0.37411764705882355
0 0.6609375 0.12823529411764706 0.0390625 0.07529411764705882
0 0.79140625 0.7247058823529412 0.2953125 0.5341176470588235
0 0.584375 0.3635294117647059 0.0265625 0.05411764705882353
0 0.6109375 0.2564705882352941 0.0171875 0.04
0 0.88046875 0.33176470588235296 0.0140625 0.02823529411764706
0 0.8921875 0.3588235294117647 0.0203125 0.04
0 0.75703125 0.28823529411764703 0.015625 0.023529411764705882
0 0.76875 0.29764705882352943 0.009375 0.01411764705882353
0 0.765625 0.3164705882352941 0.015625 0.023529411764705882
0 0.74296875 0.37411764705882355 0.015625 0.023529411764705882
0 0.71484375 0.32 0.015625 0.023529411764705882
0 0.70390625 0.3447058823529412 0.015625 0.02588235294117647
0 0.86640625 0.38941176470588235 0.021875 0.03764705882352941