0 0.04609375 0.9328358208955224 0.0546875 0.13432835820895522
0 0.7921875 0.018656716417910446 0.053125 0.03731343283582089
0 0.82578125 0.28544776119402987 0.2203125 0.5708955223880597
0 0.5671875 0.6044776119402985 0.0421875 0.09701492537313433
0 0.60625 0.5578358208955224 0.0375 0.09701492537313433
0 0.4125 0.8488805970149254 0.0546875 0.1417910447761194
0 0.65234375 0.5018656716417911 0.0546875 0.1417910447761194
0 0.54375 0.4925373134328358 0.0546875 0.1417910447761194
0 0.31640625 0.628731343283582 0.0546875 0.1417910447761194
0 0.22421875 0.8973880597014925 0.0546875 0.1417910447761194
0 0.171875 0.8992537313432836 0.0546875 0.1417910447761194
0 0.58515625 0.7182835820895522 0.0546875 0.1417910447761194
0 0.6296875 0.9085820895522388 0.0671875 0.1417910447761194
0 0.29140625 0.9309701492537313 0.0921875 0.13805970149253732
0 0.19140625 0.5447761194029851 0.1296875 0.31716417910447764
0 0.4484375 0.5802238805970149 0.0953125 0.2835820895522388