0 0.03203125 0.8395522388059702 0.05 0.13059701492537312
0 0.8109375 0.048507462686567165 0.05 0.09701492537313433
0 0.8328125 0.33955223880597013 0.2 0.5634328358208955
0 0.56328125 0.6175373134328358 0.0390625 0.08955223880597014
0 0.60390625 0.5802238805970149 0.034375 0.08955223880597014
0 0.4 0.8302238805970149 0.05 0.13059701492537312
0 0.6515625 0.5335820895522388 0.05 0.13059701492537312
0 0.54375 0.5018656716417911 0.05 0.13059701492537312
0 0.3125 0.5895522388059702 0.05 0.13059701492537312
0 0.2109375 0.8376865671641791 0.05 0.13059701492537312
0 0.15859375 0.8302238805970149 0.05 0.13059701492537312
0 0.5765625 0.7350746268656716 0.05 0.13059701492537312
0 0.6140625 0.9347014925373134 0.0625 0.13059701492537312
0 0.27578125 0.914179104477612 0.0859375 0.17164179104477612
0 0.190625 0.47947761194029853 0.11875 0.2947761194029851
0 0.44609375 0.5690298507462687 0.0859375 0.26492537313432835